7;*;6
0;0;0;0;0;0;0;0;0;0;0;0;0;0;0;0;0;0;0;0;0;
0;0;0;0;0;0;0;0;0;0;0;0;0;0;0;0;0;0;0;0;
0;0;0;0;0;0;0;0;0;0;0;0;0;0;0;0;0;0;0;0;
0;0;0;0;0;0;0;0;0;0;0;0;0;0;0;0;0;0;0;0;
0;0;0;0;0;0;0;0;0;0;0;0;0;0;0;0;0;0;0;0;
0;0;0;0;0;0;0;0;0;0;0;0;0;0;0;0;0;0;0;0;
0;0;1;0;0;0;0;0;0;0;0;0;0;0;0;0;0;0;0;0;
0;0;1;1;0;0;0;0;0;0;0;0;0;0;0;0;0;0;0;0;
0;0;0;1;0;0;0;0;0;0;0;0;0;0;0;0;0;0;0;0;
0;0;0;1;0;0;0;0;1;0;0;0;0;0;0;0;0;0;0;0;
0;0;0;1;0;0;0;0;1;1;1;1;1;0;0;0;0;0;0;0;
0;0;0;1;0;0;1;1;1;1;1;0;0;0;0;0;0;0;0;0;
0;0;0;1;1;1;1;1;1;0;0;0;0;0;0;0;0;0;0;0;
0;0;0;1;1;0;0;0;1;0;0;0;0;0;0;0;0;0;0;0;
0;0;0;0;0;0;0;0;1;0;0;0;0;0;0;0;0;0;0;0;
0;0;0;0;0;0;0;0;0;0;0;0;0;0;0;0;0;0;0;0;
0;0;0;0;0;0;0;0;0;0;0;0;0;0;0;0;0;0;0;0;
0;0;0;0;0;0;0;0;0;0;0;0;0;0;0;0;0;0;0;0;
0;0;0;0;0;0;0;0;0;0;0;0;0;0;0;0;0;0;0;0;
0;0;0;0;0;0;0;0;0;0;0;0;0;0;0;0;0;0;0;0;
0;0;0;0;0;0;0;0;0;0;0;0;0;0;0;0;0;0;0;0;
0;0;0;0;0;0;0;0;0;0;0;0;0;0;0;0;0;0;0;0;
0;0;0;0;0;0;0;0;0;0;0;0;0;0;0;0;0;0;0;0;
0;0;0;0;0;0;0;0;1;0;0;0;0;0;0;0;0;0;0;0;
0;0;0;0;0;0;0;0;0;0;0;0;0;0;0;0;0;0;0;0;
0;0;0;0;0;0;0;0;0;0;0;0;0;0;0;0;0;0;0;0;
0;0;0;0;0;0;0;0;0;0;0;0;0;0;0;0;0;0;0;0;
0;0;0;0;0;0;0;0;0;0;0;0;0;0;0;0;0;0;0;0;
0;0;0;0;0;0;0;0;0;0;0;0;0;0;0;0;0;0;0;0;
0;0;0;0;0;0;0;0;0;0;0;0;0;0;0;0;0;0;0;0;
0;0;0;0;0;0;0;0;0;0;0;0;0;0;0;0;0;0;0;0;
0;0;0;0;0;0;0;0;0;0;0;0;0;0;0;0;0;0;0;0;
0;0;0;0;0;0;0;1;1;1;1;0;0;0;0;0;0;0;0;0;
0;0;0;0;0;1;1;1;1;1;1;1;0;0;0;0;0;0;0;0;
0;0;0;0;0;1;1;0;1;0;0;1;0;0;0;0;0;0;0;0;
0;0;0;0;1;1;0;0;1;0;0;1;0;0;0;0;0;0;0;0;
0;0;0;0;1;0;0;0;1;0;0;1;0;0;0;0;0;0;0;0;
0;0;0;1;1;0;0;0;1;1;1;1;0;0;0;0;0;0;0;0;
0;0;0;1;0;0;0;0;1;1;1;0;0;0;0;0;0;0;0;0;
0;0;0;0;0;0;0;0;0;0;0;0;0;0;0;0;0;0;0;0;
0;0;0;0;0;0;0;0;0;0;0;0;0;0;0;0;0;0;0;0;
0;0;0;0;0;0;0;0;0;0;0;0;0;0;0;0;0;0;0;0;
0;0;0;0;0;0;0;0;0;0;0;0;0;0;0;0;0;0;0;0;
0;0;0;0;0;0;0;0;0;0;0;0;0;0;0;0;0;0;0;0;
0;0;0;0;0;0;0;0;0;0;0;0;0;0;0;0;0;0;0;0;
0;0;0;0;0;0;0;0;0;0;0;0;0;0;0;0;0;0;0;0;
0;0;0;0;0;0;0;0;0;0;0;0;0;0;0;0;0;0;0;0;
0;0;0;0;0;0;0;0;0;0;0;0;0;0;0;0;0;0;0;0;
0;0;0;0;0;0;0;0;0;0;0;0;0;0;0;0;0;0;0;0;
0;0;0;0;0;0;0;0;0;0;0;0;0;0;0;0;0;0;0;0;
0;0;0;0;0;0;0;0;0;0;0;0;0;0;0;0;0;0;0;0;
0;0;0;0;0;0;0;0;0;0;0;0;0;0;0;0;0;0;0;0;
0;0;0;0;0;0;0;0;0;0;0;0;0;0;0;0;0;0;0;0;
0;0;0;0;0;0;0;0;0;0;0;0;0;0;0;0;0;0;0;0;
0;0;0;0;0;0;0;0;0;0;0;0;0;0;0;0;0;0;0;0;
0;0;0;0;0;0;0;0;0;0;0;0;0;0;0;0;0;0;0;0;
0;0;0;0;0;0;0;0;0;0;0;0;0;0;0;0;0;0;0;0;
0;0;0;0;0;0;0;0;0;0;0;0;0;0;0;0;0;0;0;0;
0;0;0;0;0;0;0;0;0;0;0;0;0;0;0;0;0;0;0;0;
0;0;0;0;0;0;0;0;0;0;0;0;0;0;0;0;0;0;0;

5;+;7
0;0;0;0;0;0;0;0;0;0;0;0;0;0;0;0;0;0;0;0;0;
0;0;0;0;0;0;0;0;0;0;0;0;0;0;0;0;0;0;0;0;
0;0;0;0;0;0;0;0;0;0;0;0;0;0;0;0;0;0;0;0;
0;0;0;0;0;0;0;0;0;0;0;0;0;0;0;0;0;0;0;0;
0;0;0;0;0;0;0;0;0;0;0;0;0;0;0;0;0;0;0;0;
0;0;0;0;0;0;0;0;0;0;0;0;0;0;0;0;0;0;0;0;
0;0;0;0;0;0;0;0;0;0;0;0;0;0;0;0;0;0;0;0;
0;0;0;0;0;0;0;0;0;0;0;0;0;0;0;0;0;0;0;0;
0;0;0;0;0;0;0;0;0;0;0;0;0;0;0;0;0;0;0;0;
0;0;0;0;0;0;0;0;0;0;0;0;0;0;0;0;0;0;0;0;
0;0;0;0;0;0;0;0;0;0;0;0;0;0;0;0;0;0;0;0;
0;0;0;0;0;0;0;0;0;0;0;0;0;0;0;0;0;0;0;0;
0;0;0;0;0;0;1;1;0;0;0;1;1;0;0;0;0;0;0;0;
0;0;0;0;1;1;1;1;0;0;0;0;1;0;0;0;0;0;0;0;
0;0;0;1;1;0;0;1;0;0;0;0;1;0;0;0;0;0;0;0;
0;0;0;1;0;0;0;1;0;0;0;0;1;0;0;0;0;0;0;0;
0;0;0;1;0;0;0;1;0;0;0;1;1;0;0;0;0;0;0;0;
0;0;0;1;0;0;0;1;1;1;1;1;0;0;0;0;0;0;0;0;
0;0;0;1;1;0;0;0;1;1;1;0;0;0;0;0;0;0;0;0;
0;0;0;1;1;0;0;0;0;0;0;0;0;0;0;0;0;0;0;0;
0;0;0;0;1;0;0;0;0;0;0;0;0;0;0;0;0;0;0;0;
0;0;0;0;0;0;0;0;0;0;0;0;0;0;0;0;0;0;0;0;
0;0;0;0;0;0;0;0;0;0;0;0;0;0;0;0;0;0;0;0;
0;0;0;0;0;0;0;0;0;0;0;0;0;0;0;0;0;0;0;0;
0;0;0;0;0;0;0;0;1;0;0;0;0;0;0;0;0;0;0;0;
0;0;0;0;0;0;0;0;1;0;0;0;0;0;0;0;0;0;0;0;
0;0;0;0;0;0;0;0;1;0;0;0;0;0;0;0;0;0;0;0;
0;0;0;0;0;0;0;0;1;0;0;0;0;0;0;0;0;0;0;0;
0;0;0;0;0;0;1;1;1;1;1;0;0;0;0;0;0;0;0;0;
0;0;0;0;0;0;0;0;1;0;0;0;0;0;0;0;0;0;0;0;
0;0;0;0;0;0;0;0;0;0;0;0;0;0;0;0;0;0;0;0;
0;0;0;0;0;0;0;0;0;0;0;0;0;0;0;0;0;0;0;0;
0;0;0;0;0;0;0;0;0;0;0;0;0;0;0;0;0;0;0;0;
0;0;0;0;0;0;0;0;0;0;0;0;0;0;0;0;0;0;0;0;
0;0;0;1;0;0;0;0;0;0;0;0;0;0;0;0;0;0;0;0;
0;0;0;1;1;0;0;0;0;1;0;0;1;1;0;0;0;0;0;0;
0;0;0;0;1;1;0;0;0;1;0;1;1;0;0;0;0;0;0;0;
0;0;0;0;0;1;0;0;0;1;1;1;0;0;0;0;0;0;0;0;
0;0;0;0;0;1;0;0;1;1;1;0;0;0;0;0;0;0;0;0;
0;0;0;0;0;1;0;1;1;1;0;0;0;0;0;0;0;0;0;0;
0;0;0;0;1;1;1;1;0;1;0;0;0;0;0;0;0;0;0;0;
0;0;0;0;1;1;1;0;0;1;0;0;0;0;0;0;0;0;0;0;
0;0;0;0;1;0;0;0;0;1;0;0;0;0;0;0;0;0;0;0;
0;0;0;0;0;0;0;0;0;0;0;0;0;0;0;0;0;0;0;0;
0;0;0;0;0;0;0;0;0;0;0;0;0;0;0;0;0;0;0;0;
0;0;0;0;0;0;0;0;0;0;0;0;0;0;0;0;0;0;0;0;
0;0;0;0;0;0;0;0;0;0;0;0;0;0;0;0;0;0;0;0;
0;0;0;0;0;0;0;0;0;0;0;0;0;0;0;0;0;0;0;0;
0;0;0;0;0;0;0;0;0;0;0;0;0;0;0;0;0;0;0;0;
0;0;0;0;0;0;0;0;0;0;0;0;0;0;0;0;0;0;0;0;
0;0;0;0;0;0;0;0;0;0;0;0;0;0;0;0;0;0;0;0;
0;0;0;0;0;0;0;0;0;0;0;0;0;0;0;0;0;0;0;0;
0;0;0;0;0;0;0;0;0;0;0;0;0;0;0;0;0;0;0;0;
0;0;0;0;0;0;0;0;0;0;0;0;0;0;0;0;0;0;0;0;
0;0;0;0;0;0;0;0;0;0;0;0;0;0;0;0;0;0;0;0;
0;0;0;0;0;0;0;0;0;0;0;0;0;0;0;0;0;0;0;0;
0;0;0;0;0;0;0;0;0;0;0;0;0;0;0;0;0;0;0;0;
0;0;0;0;0;0;0;0;0;0;0;0;0;0;0;0;0;0;0;0;
0;0;0;0;0;0;0;0;0;0;0;0;0;0;0;0;0;0;0;0;
0;0;0;0;0;0;0;0;0;0;0;0;0;0;0;0;0;0;0;

7;*;10
0;0;0;0;0;0;0;0;0;0;0;0;0;0;0;0;0;0;0;0;0;
0;0;0;0;0;0;0;0;0;0;0;0;0;0;0;0;0;0;0;0;
0;0;0;0;0;0;0;0;0;0;0;0;0;0;0;0;0;0;0;0;
0;0;0;0;0;0;0;0;0;0;0;0;0;0;0;0;0;0;0;0;
0;0;0;0;0;0;0;0;0;0;0;0;0;0;0;0;0;0;0;0;
0;0;0;0;0;0;0;0;0;0;0;0;0;0;0;0;0;0;0;0;
0;0;0;0;0;0;0;0;0;0;0;0;0;0;0;0;0;0;0;0;
0;0;0;0;0;0;0;0;0;0;0;0;0;0;0;0;0;0;0;0;
0;0;0;0;0;0;0;0;0;0;0;0;0;0;0;0;0;0;0;0;
0;0;0;0;0;0;0;0;0;0;0;0;0;0;0;0;0;0;0;0;
0;0;0;0;0;0;0;0;0;0;0;0;0;0;0;0;0;0;0;0;
0;0;0;0;0;0;0;0;0;0;0;0;0;0;0;0;0;0;0;0;
0;0;0;0;0;0;0;0;0;0;0;0;0;0;0;0;0;0;0;0;
0;0;0;0;0;1;0;0;0;0;0;0;0;0;0;0;0;0;0;0;
0;0;0;0;0;1;0;0;0;0;0;0;0;0;0;0;0;0;0;0;
0;0;0;0;0;1;0;0;0;0;0;0;0;0;0;0;0;0;0;0;
0;0;0;0;0;1;0;0;0;0;0;0;0;0;0;0;0;0;0;0;
0;0;0;0;0;1;0;0;0;1;0;0;1;1;0;0;0;0;0;0;
0;0;0;0;0;1;0;0;0;1;0;1;1;1;0;0;0;0;0;0;
0;0;0;0;0;1;0;0;0;1;1;1;0;0;0;0;0;0;0;0;
0;0;0;0;0;1;0;0;1;1;1;0;0;0;0;0;0;0;0;0;
0;0;0;0;0;1;0;1;1;1;0;0;0;0;0;0;0;0;0;0;
0;0;0;0;0;1;1;1;0;1;0;0;0;0;0;0;0;0;0;0;
0;0;0;0;0;1;0;0;0;1;0;0;0;0;0;0;0;0;0;0;
0;0;0;0;0;0;0;0;0;0;0;0;0;0;0;0;0;0;0;0;
0;0;0;0;0;0;0;0;0;0;0;0;0;0;0;0;0;0;0;0;
0;0;0;0;0;0;0;0;0;0;0;0;0;0;0;0;0;0;0;0;
0;0;0;0;0;0;0;0;0;0;0;0;0;0;0;0;0;0;0;0;
0;0;0;0;0;0;0;0;0;0;0;0;0;0;0;0;0;0;0;0;
0;0;0;0;0;0;0;0;0;0;0;0;0;0;0;0;0;0;0;0;
0;0;0;0;0;0;0;0;0;1;0;0;0;0;0;0;0;0;0;0;
0;0;0;0;0;0;0;0;0;0;0;0;0;0;0;0;0;0;0;0;
0;0;0;0;0;0;0;0;0;0;0;0;0;0;0;0;0;0;0;0;
0;0;0;0;0;0;0;0;0;0;0;0;0;0;0;0;0;0;0;0;
0;0;0;0;0;0;0;0;0;0;0;0;0;0;0;0;0;0;0;0;
0;0;0;0;0;0;0;0;0;0;0;0;0;0;0;0;0;0;0;0;
0;0;0;0;0;0;0;0;0;0;0;0;0;0;0;0;0;0;0;0;
0;0;0;0;0;0;0;1;1;0;0;0;0;0;0;0;0;0;0;0;
0;0;0;0;0;0;1;1;0;0;0;0;0;0;0;0;0;0;0;0;
0;0;0;0;0;1;1;0;0;0;0;0;0;0;0;0;0;0;0;0;
0;0;0;0;1;1;1;1;1;1;1;1;1;0;0;0;0;0;0;0;
0;0;0;0;0;0;0;0;0;0;0;0;0;0;0;0;0;0;0;0;
0;0;0;0;0;0;0;0;0;0;0;0;0;0;0;0;0;0;0;0;
0;0;0;0;0;0;0;0;0;0;0;0;0;0;0;0;0;0;0;0;
0;0;0;0;0;0;0;0;0;0;0;0;0;0;0;0;0;0;0;0;
0;0;0;0;0;0;0;0;0;0;0;0;0;0;0;0;0;0;0;0;
0;0;0;0;0;0;1;1;1;1;1;0;0;0;0;0;0;0;0;0;
0;0;0;0;0;1;1;1;0;0;1;1;0;0;0;0;0;0;0;0;
0;0;0;0;0;1;0;0;0;0;0;1;0;0;0;0;0;0;0;0;
0;0;0;0;0;1;0;0;0;0;0;1;0;0;0;0;0;0;0;0;
0;0;0;0;0;1;0;0;0;0;0;1;0;0;0;0;0;0;0;0;
0;0;0;0;0;1;1;0;0;1;1;1;0;0;0;0;0;0;0;0;
0;0;0;0;0;1;1;1;1;1;0;0;0;0;0;0;0;0;0;0;
0;0;0;0;0;0;0;0;0;0;0;0;0;0;0;0;0;0;0;0;
0;0;0;0;0;0;0;0;0;0;0;0;0;0;0;0;0;0;0;0;
0;0;0;0;0;0;0;0;0;0;0;0;0;0;0;0;0;0;0;0;
0;0;0;0;0;0;0;0;0;0;0;0;0;0;0;0;0;0;0;0;
0;0;0;0;0;0;0;0;0;0;0;0;0;0;0;0;0;0;0;0;
0;0;0;0;0;0;0;0;0;0;0;0;0;0;0;0;0;0;0;0;
0;0;0;0;0;0;0;0;0;0;0;0;0;0;0;0;0;0;0;

10;-;7
0;0;0;0;0;0;0;0;0;0;0;0;0;0;0;0;0;0;0;0;0;
0;0;0;0;0;0;0;0;0;0;0;0;0;0;0;0;0;0;0;0;
0;0;0;0;0;0;0;0;0;0;0;0;0;0;0;0;0;0;0;0;
0;0;0;0;0;0;0;0;0;0;0;0;0;0;0;0;0;0;0;0;
0;0;0;0;0;0;0;0;0;0;0;0;0;0;0;0;0;0;0;0;
0;0;0;0;0;0;0;0;0;0;0;0;0;0;0;0;0;0;0;0;
0;0;0;0;0;0;0;0;0;0;0;0;0;0;0;0;0;0;0;0;
0;0;0;0;0;0;0;1;0;0;0;0;0;0;0;0;0;0;0;0;
0;0;0;0;0;0;1;1;0;0;0;0;0;0;0;0;0;0;0;0;
0;0;0;0;0;0;1;1;0;0;0;0;0;0;0;0;0;0;0;0;
0;0;0;0;0;1;1;0;0;0;0;0;0;0;0;0;0;0;0;0;
0;0;0;0;1;1;0;0;0;0;0;0;0;0;0;0;0;0;0;0;
0;0;0;1;1;0;0;0;0;0;0;0;0;0;0;0;0;0;0;0;
0;0;0;1;1;0;0;0;0;0;0;0;0;0;0;0;0;0;0;0;
0;0;1;1;0;0;0;1;1;1;1;1;1;0;0;0;0;0;0;0;
0;0;1;1;1;1;1;1;1;0;0;0;0;0;0;0;0;0;0;0;
0;0;0;0;0;0;0;0;0;0;0;0;0;0;0;0;0;0;0;0;
0;0;0;0;0;0;0;0;0;0;0;0;0;0;0;0;0;0;0;0;
0;0;0;0;0;0;0;0;0;0;0;0;0;0;0;0;0;0;0;0;
0;0;0;0;0;0;0;0;1;1;1;0;0;0;0;0;0;0;0;0;
0;0;0;0;0;0;1;1;1;1;1;1;0;0;0;0;0;0;0;0;
0;0;0;0;0;1;1;0;0;0;0;1;0;0;0;0;0;0;0;0;
0;0;0;0;1;1;0;0;0;0;0;1;0;0;0;0;0;0;0;0;
0;0;0;0;1;0;0;0;0;0;0;1;0;0;0;0;0;0;0;0;
0;0;0;0;1;0;0;0;0;0;0;1;0;0;0;0;0;0;0;0;
0;0;0;0;1;0;0;0;0;0;0;1;0;0;0;0;0;0;0;0;
0;0;0;0;1;1;0;0;0;0;1;1;0;0;0;0;0;0;0;0;
0;0;0;0;1;1;1;1;1;1;1;0;0;0;0;0;0;0;0;0;
0;0;0;0;0;0;0;0;0;0;0;0;0;0;0;0;0;0;0;0;
0;0;0;0;0;0;0;0;0;0;0;0;0;0;0;0;0;0;0;0;
0;0;0;0;0;0;0;0;0;0;0;0;0;0;0;0;0;0;0;0;
0;0;0;0;0;0;0;0;0;0;0;0;0;0;0;0;0;0;0;0;
0;0;0;0;0;0;0;0;1;0;0;0;0;0;0;0;0;0;0;0;
0;0;0;0;0;0;0;0;1;0;0;0;0;0;0;0;0;0;0;0;
0;0;0;0;0;0;0;0;1;0;0;0;0;0;0;0;0;0;0;0;
0;0;0;0;0;0;0;0;1;0;0;0;0;0;0;0;0;0;0;0;
0;0;0;0;0;0;0;0;0;0;0;0;0;0;0;0;0;0;0;0;
0;0;0;0;0;0;0;0;0;0;0;0;0;0;0;0;0;0;0;0;
0;0;0;0;0;0;0;0;0;0;0;0;0;0;0;0;0;0;0;0;
0;0;0;0;0;0;0;0;0;0;0;0;0;0;0;0;0;0;0;0;
0;0;0;0;0;0;0;0;0;0;0;0;0;0;0;0;0;0;0;0;
0;0;0;0;0;0;0;0;0;0;0;0;0;0;0;0;0;0;0;0;
0;0;0;0;0;0;0;0;0;0;0;0;0;0;0;0;0;0;0;0;
0;0;0;0;1;0;0;0;0;0;0;0;1;1;0;0;0;0;0;0;
0;0;0;0;1;0;0;0;0;0;1;1;1;0;0;0;0;0;0;0;
0;0;0;0;1;0;0;0;0;1;1;0;0;0;0;0;0;0;0;0;
0;0;0;0;1;0;0;1;1;1;0;0;0;0;0;0;0;0;0;0;
0;0;0;0;1;0;1;1;0;0;0;0;0;0;0;0;0;0;0;0;
0;0;0;0;1;1;1;0;0;0;0;0;0;0;0;0;0;0;0;0;
0;0;0;0;1;0;0;0;0;0;0;0;0;0;0;0;0;0;0;0;
0;0;0;0;0;0;0;0;0;0;0;0;0;0;0;0;0;0;0;0;
0;0;0;0;0;0;0;0;0;0;0;0;0;0;0;0;0;0;0;0;
0;0;0;0;0;0;0;0;0;0;0;0;0;0;0;0;0;0;0;0;
0;0;0;0;0;0;0;0;0;0;0;0;0;0;0;0;0;0;0;0;
0;0;0;0;0;0;0;0;0;0;0;0;0;0;0;0;0;0;0;0;
0;0;0;0;0;0;0;0;0;0;0;0;0;0;0;0;0;0;0;0;
0;0;0;0;0;0;0;0;0;0;0;0;0;0;0;0;0;0;0;0;
0;0;0;0;0;0;0;0;0;0;0;0;0;0;0;0;0;0;0;0;
0;0;0;0;0;0;0;0;0;0;0;0;0;0;0;0;0;0;0;0;
0;0;0;0;0;0;0;0;0;0;0;0;0;0;0;0;0;0;0;

4;*;8
0;0;0;0;0;0;0;0;0;0;0;0;0;0;0;0;0;0;0;0;0;
0;0;0;0;0;0;0;0;0;0;0;0;0;0;0;0;0;0;0;0;
0;0;0;0;0;0;0;0;0;0;0;0;0;0;0;0;0;0;0;0;
0;0;0;0;0;0;0;0;0;0;0;0;0;0;0;0;0;0;0;0;
0;0;0;0;0;0;0;0;0;0;0;0;0;0;0;0;0;0;0;0;
0;0;0;0;0;0;0;0;0;0;0;0;0;0;0;0;0;0;0;0;
0;0;0;0;0;0;0;0;0;0;0;0;0;0;0;0;0;0;0;0;
0;0;0;0;0;0;0;0;0;0;0;0;0;0;0;0;0;0;0;0;
0;0;0;0;0;0;0;0;0;0;0;0;0;0;0;0;0;0;0;0;
0;0;0;0;0;0;0;0;0;0;0;0;0;0;0;0;0;0;0;0;
0;0;0;0;0;0;0;0;0;0;0;0;0;0;0;0;0;0;0;0;
0;0;0;1;1;1;0;0;0;0;0;0;0;0;0;0;0;0;0;0;
0;0;1;1;0;1;0;0;0;0;0;0;0;0;0;0;0;0;0;0;
0;1;1;0;0;1;0;0;0;0;0;0;0;0;0;0;0;0;0;0;
0;0;0;0;0;1;0;0;0;0;0;0;0;0;0;0;0;0;0;0;
0;0;0;0;0;1;0;0;0;0;0;0;0;0;0;0;0;0;0;0;
0;0;0;0;0;1;1;1;1;1;1;1;0;0;0;0;0;0;0;0;
0;0;0;0;0;0;0;0;0;0;0;0;0;0;0;0;0;0;0;0;
0;0;0;0;0;0;0;0;0;0;0;0;0;0;0;0;0;0;0;0;
0;0;0;0;0;0;0;0;0;0;0;0;0;0;0;0;0;0;0;0;
0;0;0;0;0;0;0;0;0;0;0;0;0;0;0;0;0;0;0;0;
0;0;0;0;0;0;0;0;0;0;0;0;0;0;0;0;0;0;0;0;
0;0;0;0;0;0;0;0;0;0;0;0;0;0;0;0;0;0;0;0;
0;0;0;0;0;0;0;1;1;0;0;0;0;0;0;0;0;0;0;0;
0;0;0;0;0;0;0;0;0;0;0;0;0;0;0;0;0;0;0;0;
0;0;0;0;0;0;0;0;0;0;0;0;0;0;0;0;0;0;0;0;
0;0;0;0;0;0;0;0;0;0;0;0;0;0;0;0;0;0;0;0;
0;0;0;0;0;0;0;0;0;0;0;0;0;0;0;0;0;0;0;0;
0;0;0;0;0;0;0;0;0;0;0;0;0;0;0;0;0;0;0;0;
0;0;0;0;0;0;0;0;0;0;0;0;0;0;0;0;0;0;0;0;
0;0;0;0;0;0;0;0;0;0;0;0;0;0;0;0;0;0;0;0;
0;0;0;0;0;1;1;1;1;1;0;0;0;0;0;0;0;0;0;0;
0;0;0;0;1;1;1;0;0;1;1;0;0;0;0;0;0;0;0;0;
0;0;0;0;1;1;0;0;0;0;1;0;0;0;0;0;0;0;0;0;
0;0;0;1;1;0;0;0;0;0;1;0;0;0;0;0;0;0;0;0;
0;0;0;1;1;0;0;0;0;0;1;0;0;0;0;0;0;0;0;0;
0;0;0;0;1;0;0;0;0;1;1;0;0;0;0;0;0;0;0;0;
0;0;0;0;1;0;0;1;1;1;0;0;0;0;0;0;0;0;0;0;
0;0;0;0;1;1;1;1;1;0;0;0;0;0;0;0;0;0;0;0;
0;0;0;0;0;0;0;0;0;0;0;0;0;0;0;0;0;0;0;0;
0;0;0;0;0;0;0;0;0;0;0;0;0;0;0;0;0;0;0;0;
0;0;0;0;0;0;0;0;0;0;0;0;0;0;0;0;0;0;0;0;
0;0;0;0;0;0;0;0;0;0;0;0;0;0;0;0;0;0;0;0;
0;0;0;0;0;0;0;0;0;0;0;0;0;0;0;0;0;0;0;0;
0;0;0;0;0;0;0;0;0;0;0;0;0;0;0;0;0;0;0;0;
0;0;0;0;0;0;0;0;0;0;0;0;0;0;0;0;0;0;0;0;
0;0;0;0;0;0;0;0;0;0;0;0;0;0;0;0;0;0;0;0;
0;0;0;0;0;0;0;0;0;0;0;0;0;0;0;0;0;0;0;0;
0;0;0;0;0;0;0;0;0;0;0;0;0;0;0;0;0;0;0;0;
0;0;0;0;0;0;0;0;0;0;0;0;0;0;0;0;0;0;0;0;
0;0;0;0;0;0;0;0;0;0;0;0;0;0;0;0;0;0;0;0;
0;0;0;0;0;0;0;0;0;0;0;0;0;0;0;0;0;0;0;0;
0;0;0;0;0;0;0;0;0;0;0;0;0;0;0;0;0;0;0;0;
0;0;0;0;0;0;0;0;0;0;0;0;0;0;0;0;0;0;0;0;
0;0;0;0;0;0;0;0;0;0;0;0;0;0;0;0;0;0;0;0;
0;0;0;0;0;0;0;0;0;0;0;0;0;0;0;0;0;0;0;0;
0;0;0;0;0;0;0;0;0;0;0;0;0;0;0;0;0;0;0;0;
0;0;0;0;0;0;0;0;0;0;0;0;0;0;0;0;0;0;0;0;
0;0;0;0;0;0;0;0;0;0;0;0;0;0;0;0;0;0;0;0;
0;0;0;0;0;0;0;0;0;0;0;0;0;0;0;0;0;0;0;

7;-;2
0;0;0;0;0;0;0;0;0;0;0;0;0;0;0;0;0;0;0;0;0;
0;0;0;0;0;0;0;0;0;0;0;0;0;0;0;0;0;0;0;0;
0;0;0;0;0;0;0;0;0;0;0;0;0;0;0;0;0;0;0;0;
0;0;0;0;0;0;0;0;0;0;0;0;0;0;0;0;0;0;0;0;
0;0;0;0;0;0;0;0;0;0;0;0;0;0;0;0;0;0;0;0;
0;0;0;0;0;0;0;0;0;0;0;0;0;0;0;0;0;0;0;0;
0;0;0;0;0;0;0;0;0;0;0;0;0;0;0;0;0;0;0;0;
0;0;0;0;0;0;0;0;0;0;0;0;0;0;0;0;0;0;0;0;
0;0;0;0;0;0;0;0;0;0;0;0;0;0;0;0;0;0;0;0;
0;0;0;0;0;0;0;0;0;0;0;0;0;0;0;0;0;0;0;0;
0;0;0;0;0;0;0;0;0;0;0;0;0;0;0;0;0;0;0;0;
0;0;0;0;0;0;0;0;0;0;0;0;0;0;0;0;0;0;0;0;
0;0;0;1;1;0;0;0;0;0;0;0;0;0;0;0;0;0;0;0;
0;0;0;1;1;0;0;0;0;0;0;0;0;0;0;0;0;0;0;0;
0;0;0;0;1;0;0;0;0;0;1;1;1;0;0;0;0;0;0;0;
0;0;0;0;1;0;0;0;0;1;1;1;0;0;0;0;0;0;0;0;
0;0;0;0;1;0;0;0;1;1;0;0;0;0;0;0;0;0;0;0;
0;0;0;0;1;0;1;1;1;0;0;0;0;0;0;0;0;0;0;0;
0;0;0;1;1;1;1;0;0;0;0;0;0;0;0;0;0;0;0;0;
0;0;0;1;1;1;0;0;0;0;0;0;0;0;0;0;0;0;0;0;
0;0;0;1;1;0;0;0;0;0;0;0;0;0;0;0;0;0;0;0;
0;0;0;0;0;0;0;0;0;0;0;0;0;0;0;0;0;0;0;0;
0;0;0;0;0;0;0;0;0;0;0;0;0;0;0;0;0;0;0;0;
0;0;0;0;0;0;0;0;0;0;0;0;0;0;0;0;0;0;0;0;
0;0;0;0;0;0;0;0;0;0;0;0;0;0;0;0;0;0;0;0;
0;0;0;0;0;0;0;0;1;0;0;0;0;0;0;0;0;0;0;0;
0;0;0;0;0;0;0;0;1;0;0;0;0;0;0;0;0;0;0;0;
0;0;0;0;0;0;0;0;1;0;0;0;0;0;0;0;0;0;0;0;
0;0;0;0;0;0;0;0;1;0;0;0;0;0;0;0;0;0;0;0;
0;0;0;0;0;0;0;0;1;0;0;0;0;0;0;0;0;0;0;0;
0;0;0;0;0;0;0;0;0;0;0;0;0;0;0;0;0;0;0;0;
0;0;0;0;0;0;0;0;0;0;0;0;0;0;0;0;0;0;0;0;
0;0;0;0;0;0;0;0;0;0;0;0;0;0;0;0;0;0;0;0;
0;0;0;0;0;0;0;0;0;0;0;0;0;0;0;0;0;0;0;0;
0;0;0;0;0;0;0;0;0;0;0;0;0;0;0;0;0;0;0;0;
0;0;0;0;0;0;0;0;0;0;0;0;0;0;0;0;0;0;0;0;
0;0;0;0;0;0;0;0;0;0;0;0;0;1;0;0;0;0;0;0;
0;0;0;0;1;1;1;1;0;0;0;0;1;1;0;0;0;0;0;0;
0;0;0;0;1;0;0;0;0;0;0;1;1;1;0;0;0;0;0;0;
0;0;0;0;1;0;0;0;0;0;0;1;1;1;0;0;0;0;0;0;
0;0;0;0;1;0;0;0;0;0;1;1;0;1;0;0;0;0;0;0;
0;0;0;0;1;1;1;0;1;1;1;0;0;1;0;0;0;0;0;0;
0;0;0;0;0;0;1;1;1;0;0;0;0;1;0;0;0;0;0;0;
0;0;0;0;0;0;0;0;0;0;0;0;0;1;0;0;0;0;0;0;
0;0;0;0;0;0;0;0;0;0;0;0;0;1;0;0;0;0;0;0;
0;0;0;0;0;0;0;0;0;0;0;0;0;1;0;0;0;0;0;0;
0;0;0;0;0;0;0;0;0;0;0;0;0;0;0;0;0;0;0;0;
0;0;0;0;0;0;0;0;0;0;0;0;0;0;0;0;0;0;0;0;
0;0;0;0;0;0;0;0;0;0;0;0;0;0;0;0;0;0;0;0;
0;0;0;0;0;0;0;0;0;0;0;0;0;0;0;0;0;0;0;0;
0;0;0;0;0;0;0;0;0;0;0;0;0;0;0;0;0;0;0;0;
0;0;0;0;0;0;0;0;0;0;0;0;0;0;0;0;0;0;0;0;
0;0;0;0;0;0;0;0;0;0;0;0;0;0;0;0;0;0;0;0;
0;0;0;0;0;0;0;0;0;0;0;0;0;0;0;0;0;0;0;0;
0;0;0;0;0;0;0;0;0;0;0;0;0;0;0;0;0;0;0;0;
0;0;0;0;0;0;0;0;0;0;0;0;0;0;0;0;0;0;0;0;
0;0;0;0;0;0;0;0;0;0;0;0;0;0;0;0;0;0;0;0;
0;0;0;0;0;0;0;0;0;0;0;0;0;0;0;0;0;0;0;0;
0;0;0;0;0;0;0;0;0;0;0;0;0;0;0;0;0;0;0;0;
0;0;0;0;0;0;0;0;0;0;0;0;0;0;0;0;0;0;0;

0;+;7
0;0;0;0;0;0;0;0;0;0;0;0;0;0;0;0;0;0;0;0;0;
0;0;0;0;0;0;0;0;0;0;0;0;0;0;0;0;0;0;0;0;
0;0;0;0;0;0;0;0;0;0;0;0;0;0;0;0;0;0;0;0;
0;0;0;0;0;0;0;0;0;0;0;0;0;0;0;0;0;0;0;0;
0;0;0;0;0;0;0;0;0;0;0;0;0;0;0;0;0;0;0;0;
0;0;0;0;0;0;0;0;0;0;0;0;0;0;0;0;0;0;0;0;
0;0;0;0;0;0;0;0;0;0;0;0;0;0;0;0;0;0;0;0;
0;0;0;0;0;0;0;0;0;0;0;0;0;0;0;0;0;0;0;0;
0;0;0;0;0;0;0;0;0;0;0;0;0;0;0;0;0;0;0;0;
0;0;0;0;0;0;0;0;0;0;0;0;0;0;0;0;0;0;0;0;
0;0;0;0;0;0;0;0;0;0;0;0;0;0;0;0;0;0;0;0;
0;0;0;0;0;0;0;0;0;0;0;0;0;0;0;0;0;0;0;0;
0;0;0;0;0;0;0;0;1;1;0;0;0;0;0;0;0;0;0;0;
0;0;0;0;0;0;1;1;1;1;1;0;0;0;0;0;0;0;0;0;
0;0;0;0;0;1;1;0;0;0;1;1;0;0;0;0;0;0;0;0;
0;0;0;0;1;1;0;0;0;0;0;1;0;0;0;0;0;0;0;0;
0;0;0;0;1;0;0;0;0;0;0;1;0;0;0;0;0;0;0;0;
0;0;0;0;1;1;0;0;0;0;1;1;0;0;0;0;0;0;0;0;
0;0;0;0;1;1;0;0;0;0;1;1;0;0;0;0;0;0;0;0;
0;0;0;0;1;1;0;0;0;1;1;0;0;0;0;0;0;0;0;0;
0;0;0;0;1;1;0;1;1;1;0;0;0;0;0;0;0;0;0;0;
0;0;0;0;0;1;1;1;0;0;0;0;0;0;0;0;0;0;0;0;
0;0;0;0;0;0;0;0;0;0;0;0;0;0;0;0;0;0;0;0;
0;0;0;0;0;0;0;0;0;0;0;0;0;0;0;0;0;0;0;0;
0;0;0;0;0;0;0;0;0;0;0;0;0;0;0;0;0;0;0;0;
0;0;0;0;0;0;0;0;0;0;0;0;0;0;0;0;0;0;0;0;
0;0;0;0;0;0;0;0;0;1;0;0;0;0;0;0;0;0;0;0;
0;0;0;0;0;0;0;0;0;1;0;0;0;0;0;0;0;0;0;0;
0;0;0;0;0;0;1;0;1;1;0;0;0;0;0;0;0;0;0;0;
0;0;0;0;0;0;1;1;1;1;0;0;0;0;0;0;0;0;0;0;
0;0;0;0;0;0;0;0;1;1;1;1;0;0;0;0;0;0;0;0;
0;0;0;0;0;0;0;0;1;0;0;0;0;0;0;0;0;0;0;0;
0;0;0;0;0;0;0;0;0;0;0;0;0;0;0;0;0;0;0;0;
0;0;0;0;0;0;0;0;0;0;0;0;0;0;0;0;0;0;0;0;
0;0;0;0;0;0;0;0;0;0;0;0;0;0;0;0;0;0;0;0;
0;0;0;0;0;0;0;0;0;0;0;0;0;0;0;0;0;0;0;0;
0;0;0;0;0;0;0;0;0;0;0;0;0;0;0;0;0;0;0;0;
0;0;0;0;1;0;0;0;0;0;0;0;0;0;0;0;0;0;0;0;
0;0;0;0;1;1;0;0;0;0;0;0;0;1;1;0;0;0;0;0;
0;0;0;0;0;1;0;0;0;0;0;0;1;1;0;0;0;0;0;0;
0;0;0;0;0;1;0;0;0;0;1;1;1;0;0;0;0;0;0;0;
0;0;0;0;0;1;0;0;0;1;1;0;0;0;0;0;0;0;0;0;
0;0;0;0;0;1;0;0;1;1;0;0;0;0;0;0;0;0;0;0;
0;0;0;0;1;1;0;1;1;0;0;0;0;0;0;0;0;0;0;0;
0;0;0;0;1;1;1;1;0;0;0;0;0;0;0;0;0;0;0;0;
0;0;0;0;1;1;0;0;0;0;0;0;0;0;0;0;0;0;0;0;
0;0;0;0;0;0;0;0;0;0;0;0;0;0;0;0;0;0;0;0;
0;0;0;0;0;0;0;0;0;0;0;0;0;0;0;0;0;0;0;0;
0;0;0;0;0;0;0;0;0;0;0;0;0;0;0;0;0;0;0;0;
0;0;0;0;0;0;0;0;0;0;0;0;0;0;0;0;0;0;0;0;
0;0;0;0;0;0;0;0;0;0;0;0;0;0;0;0;0;0;0;0;
0;0;0;0;0;0;0;0;0;0;0;0;0;0;0;0;0;0;0;0;
0;0;0;0;0;0;0;0;0;0;0;0;0;0;0;0;0;0;0;0;
0;0;0;0;0;0;0;0;0;0;0;0;0;0;0;0;0;0;0;0;
0;0;0;0;0;0;0;0;0;0;0;0;0;0;0;0;0;0;0;0;
0;0;0;0;0;0;0;0;0;0;0;0;0;0;0;0;0;0;0;0;
0;0;0;0;0;0;0;0;0;0;0;0;0;0;0;0;0;0;0;0;
0;0;0;0;0;0;0;0;0;0;0;0;0;0;0;0;0;0;0;0;
0;0;0;0;0;0;0;0;0;0;0;0;0;0;0;0;0;0;0;0;
0;0;0;0;0;0;0;0;0;0;0;0;0;0;0;0;0;0;0;

4;-;7
0;0;0;0;0;0;0;0;0;0;0;0;0;0;0;0;0;0;0;0;0;
0;0;0;0;0;0;0;0;0;0;0;0;0;0;0;0;0;0;0;0;
0;0;0;0;0;0;0;0;0;0;0;0;0;0;0;0;0;0;0;0;
0;0;0;0;0;0;0;0;0;0;0;0;0;0;0;0;0;0;0;0;
0;0;0;0;0;0;0;0;0;0;0;0;0;0;0;0;0;0;0;0;
0;0;0;0;0;0;0;0;0;0;0;0;0;0;0;0;0;0;0;0;
0;0;0;0;0;0;0;0;0;0;0;0;0;0;0;0;0;0;0;0;
0;0;0;0;0;0;0;0;0;0;0;0;0;0;0;0;0;0;0;0;
0;0;0;0;0;0;0;0;0;0;0;0;0;0;0;0;0;0;0;0;
0;0;0;0;0;0;0;0;0;0;0;0;0;0;0;0;0;0;0;0;
0;0;0;0;0;0;0;0;0;0;0;0;0;0;0;0;0;0;0;0;
0;0;0;0;0;0;0;0;0;0;0;0;0;0;0;0;0;0;0;0;
0;0;0;0;0;0;0;0;0;0;0;0;0;0;0;0;0;0;0;0;
0;0;0;0;0;0;0;0;0;0;0;0;0;0;0;0;0;0;0;0;
0;0;0;0;0;0;0;0;0;0;0;0;0;0;0;0;0;0;0;0;
0;0;0;0;0;0;0;0;0;0;0;0;0;0;0;0;0;0;0;0;
0;0;0;0;0;1;1;1;1;0;0;0;0;0;0;0;0;0;0;0;
0;0;0;0;1;1;0;0;1;1;0;0;0;0;0;0;0;0;0;0;
0;0;0;0;1;1;0;0;1;1;0;0;0;0;0;0;0;0;0;0;
0;0;0;0;1;0;0;0;0;1;0;0;0;0;0;0;0;0;0;0;
0;0;0;0;0;0;0;0;1;1;0;0;0;1;1;1;0;0;0;0;
0;0;0;0;0;0;0;0;1;1;1;1;1;1;0;0;0;0;0;0;
0;0;0;0;0;0;0;0;1;1;1;0;0;0;0;0;0;0;0;0;
0;0;0;0;0;0;0;0;0;0;0;0;0;0;0;0;0;0;0;0;
0;0;0;0;0;0;0;0;0;0;0;0;0;0;0;0;0;0;0;0;
0;0;0;0;0;0;0;0;0;0;0;0;0;0;0;0;0;0;0;0;
0;0;0;0;0;0;0;0;0;0;0;0;0;0;0;0;0;0;0;0;
0;0;0;0;0;0;0;0;0;0;0;0;0;0;0;0;0;0;0;0;
0;0;0;0;0;0;0;0;0;0;0;0;0;0;0;0;0;0;0;0;
0;0;0;0;0;0;0;0;0;1;0;0;0;0;0;0;0;0;0;0;
0;0;0;0;0;0;0;0;0;1;0;0;0;0;0;0;0;0;0;0;
0;0;0;0;0;0;0;0;0;1;0;0;0;0;0;0;0;0;0;0;
0;0;0;0;0;0;0;0;0;1;0;0;0;0;0;0;0;0;0;0;
0;0;0;0;0;0;0;0;0;1;0;0;0;0;0;0;0;0;0;0;
0;0;0;0;0;0;0;0;0;1;0;0;0;0;0;0;0;0;0;0;
0;0;0;0;0;0;0;0;0;0;0;0;0;0;0;0;0;0;0;0;
0;0;0;0;0;0;0;0;0;0;0;0;0;0;0;0;0;0;0;0;
0;0;0;0;0;0;0;0;0;0;0;0;0;0;0;0;0;0;0;0;
0;0;0;0;0;0;0;0;0;0;0;0;0;0;0;0;0;0;0;0;
0;0;0;0;0;0;0;0;0;0;0;0;0;0;0;0;0;0;0;0;
0;0;0;0;0;1;0;0;0;0;0;0;0;0;0;0;0;0;0;0;
0;0;0;0;0;1;1;0;0;0;0;0;0;1;1;0;0;0;0;0;
0;0;0;0;0;1;1;0;0;0;0;0;1;1;1;0;0;0;0;0;
0;0;0;0;0;0;1;0;0;0;1;1;1;0;0;0;0;0;0;0;
0;0;0;0;0;1;1;0;0;1;1;1;0;0;0;0;0;0;0;0;
0;0;0;0;0;1;0;1;1;1;0;0;0;0;0;0;0;0;0;0;
0;0;0;0;0;1;1;1;0;0;0;0;0;0;0;0;0;0;0;0;
0;0;0;0;0;0;0;0;0;0;0;0;0;0;0;0;0;0;0;0;
0;0;0;0;0;0;0;0;0;0;0;0;0;0;0;0;0;0;0;0;
0;0;0;0;0;0;0;0;0;0;0;0;0;0;0;0;0;0;0;0;
0;0;0;0;0;0;0;0;0;0;0;0;0;0;0;0;0;0;0;0;
0;0;0;0;0;0;0;0;0;0;0;0;0;0;0;0;0;0;0;0;
0;0;0;0;0;0;0;0;0;0;0;0;0;0;0;0;0;0;0;0;
0;0;0;0;0;0;0;0;0;0;0;0;0;0;0;0;0;0;0;0;
0;0;0;0;0;0;0;0;0;0;0;0;0;0;0;0;0;0;0;0;
0;0;0;0;0;0;0;0;0;0;0;0;0;0;0;0;0;0;0;0;
0;0;0;0;0;0;0;0;0;0;0;0;0;0;0;0;0;0;0;0;
0;0;0;0;0;0;0;0;0;0;0;0;0;0;0;0;0;0;0;0;
0;0;0;0;0;0;0;0;0;0;0;0;0;0;0;0;0;0;0;0;
0;0;0;0;0;0;0;0;0;0;0;0;0;0;0;0;0;0;0;

7;+;4
0;0;0;0;0;0;0;0;0;0;0;0;0;0;0;0;0;0;0;0;0;
0;0;0;0;0;0;0;0;0;0;0;0;0;0;0;0;0;0;0;0;
0;0;0;0;0;0;0;0;0;0;0;0;0;0;0;0;0;0;0;0;
0;0;0;0;0;0;0;0;0;0;0;0;0;0;0;0;0;0;0;0;
0;0;0;0;0;0;0;0;0;0;0;0;0;0;0;0;0;0;0;0;
0;0;0;0;0;0;0;0;0;0;0;0;0;0;0;0;0;0;0;0;
0;0;0;0;0;0;0;0;0;0;0;0;0;0;0;0;0;0;0;0;
0;0;0;0;0;0;0;0;0;0;0;0;0;0;0;0;0;0;0;0;
0;0;0;0;0;0;0;0;0;0;0;0;0;0;0;0;0;0;0;0;
0;0;0;0;0;0;0;0;0;0;0;0;0;0;0;0;0;0;0;0;
0;0;0;1;0;0;0;0;0;0;0;0;0;0;0;0;0;0;0;0;
0;0;0;1;0;0;0;0;0;0;0;0;0;0;0;0;0;0;0;0;
0;0;0;1;0;0;0;0;0;0;0;0;0;0;0;0;0;0;0;0;
0;0;0;1;0;0;0;0;0;0;0;0;0;0;0;0;0;0;0;0;
0;0;0;1;0;0;0;0;0;0;0;0;1;1;0;0;0;0;0;0;
0;0;0;1;0;0;0;0;0;0;1;1;1;0;0;0;0;0;0;0;
0;0;0;1;0;0;0;0;1;1;1;0;0;0;0;0;0;0;0;0;
0;0;0;1;0;0;1;1;1;0;0;0;0;0;0;0;0;0;0;0;
0;0;0;1;1;1;1;0;0;0;0;0;0;0;0;0;0;0;0;0;
0;0;0;1;1;1;0;0;0;0;0;0;0;0;0;0;0;0;0;0;
0;0;0;0;0;0;0;0;0;0;0;0;0;0;0;0;0;0;0;0;
0;0;0;0;0;0;0;0;0;0;0;0;0;0;0;0;0;0;0;0;
0;0;0;0;0;0;0;0;0;0;0;0;0;0;0;0;0;0;0;0;
0;0;0;0;0;0;0;0;0;0;0;0;0;0;0;0;0;0;0;0;
0;0;0;0;0;0;0;0;0;0;0;0;0;0;0;0;0;0;0;0;
0;0;0;0;0;0;0;0;0;0;0;0;0;0;0;0;0;0;0;0;
0;0;0;0;0;0;0;0;0;1;0;0;0;0;0;0;0;0;0;0;
0;0;0;0;0;0;0;0;0;1;0;0;0;0;0;0;0;0;0;0;
0;0;0;0;0;0;0;0;0;1;0;0;0;0;0;0;0;0;0;0;
0;0;0;0;0;0;1;1;1;1;1;1;0;0;0;0;0;0;0;0;
0;0;0;0;0;0;0;0;1;0;0;0;0;0;0;0;0;0;0;0;
0;0;0;0;0;0;0;0;0;0;0;0;0;0;0;0;0;0;0;0;
0;0;0;0;0;0;0;0;0;0;0;0;0;0;0;0;0;0;0;0;
0;0;0;0;0;0;0;0;0;0;0;0;0;0;0;0;0;0;0;0;
0;0;0;0;0;0;0;0;0;0;0;0;0;0;0;0;0;0;0;0;
0;0;0;0;0;0;0;0;0;0;0;0;0;0;0;0;0;0;0;0;
0;0;0;0;0;1;1;1;1;1;0;0;0;0;0;0;0;0;0;0;
0;0;0;0;1;1;0;0;0;1;0;0;0;0;0;0;0;0;0;0;
0;0;0;0;1;0;0;0;1;1;0;0;1;1;1;1;0;0;0;0;
0;0;0;0;1;0;0;0;1;1;1;1;1;1;0;0;0;0;0;0;
0;0;0;0;0;0;0;0;0;0;0;0;0;0;0;0;0;0;0;0;
0;0;0;0;0;0;0;0;0;0;0;0;0;0;0;0;0;0;0;0;
0;0;0;0;0;0;0;0;0;0;0;0;0;0;0;0;0;0;0;0;
0;0;0;0;0;0;0;0;0;0;0;0;0;0;0;0;0;0;0;0;
0;0;0;0;0;0;0;0;0;0;0;0;0;0;0;0;0;0;0;0;
0;0;0;0;0;0;0;0;0;0;0;0;0;0;0;0;0;0;0;0;
0;0;0;0;0;0;0;0;0;0;0;0;0;0;0;0;0;0;0;0;
0;0;0;0;0;0;0;0;0;0;0;0;0;0;0;0;0;0;0;0;
0;0;0;0;0;0;0;0;0;0;0;0;0;0;0;0;0;0;0;0;
0;0;0;0;0;0;0;0;0;0;0;0;0;0;0;0;0;0;0;0;
0;0;0;0;0;0;0;0;0;0;0;0;0;0;0;0;0;0;0;0;
0;0;0;0;0;0;0;0;0;0;0;0;0;0;0;0;0;0;0;0;
0;0;0;0;0;0;0;0;0;0;0;0;0;0;0;0;0;0;0;0;
0;0;0;0;0;0;0;0;0;0;0;0;0;0;0;0;0;0;0;0;
0;0;0;0;0;0;0;0;0;0;0;0;0;0;0;0;0;0;0;0;
0;0;0;0;0;0;0;0;0;0;0;0;0;0;0;0;0;0;0;0;
0;0;0;0;0;0;0;0;0;0;0;0;0;0;0;0;0;0;0;0;
0;0;0;0;0;0;0;0;0;0;0;0;0;0;0;0;0;0;0;0;
0;0;0;0;0;0;0;0;0;0;0;0;0;0;0;0;0;0;0;0;
0;0;0;0;0;0;0;0;0;0;0;0;0;0;0;0;0;0;0;

10;+;1
0;0;0;0;0;0;0;0;0;0;0;0;0;0;0;0;0;0;0;0;0;
0;0;0;0;0;0;0;0;0;0;0;0;0;0;0;0;0;0;0;0;
0;0;0;0;0;0;0;0;0;0;0;0;0;0;0;0;0;0;0;0;
0;0;0;0;0;0;0;0;0;0;0;0;0;0;0;0;0;0;0;0;
0;0;0;0;0;0;0;0;0;0;0;0;0;0;0;0;0;0;0;0;
0;0;0;0;0;0;0;0;0;0;0;0;0;0;0;0;0;0;0;0;
0;0;0;0;0;0;0;0;0;0;0;0;0;0;0;0;0;0;0;0;
0;0;0;0;0;0;0;0;1;0;0;0;0;0;0;0;0;0;0;0;
0;0;0;0;0;0;0;1;1;0;0;0;0;0;0;0;0;0;0;0;
0;0;0;0;0;0;1;1;0;0;0;0;0;0;0;0;0;0;0;0;
0;0;0;0;0;0;1;0;0;0;0;0;0;0;0;0;0;0;0;0;
0;0;0;0;0;1;1;0;0;0;0;0;0;0;0;0;0;0;0;0;
0;0;0;0;1;1;0;0;0;1;1;1;1;0;0;0;0;0;0;0;
0;0;0;0;1;1;1;1;1;1;1;0;0;0;0;0;0;0;0;0;
0;0;0;0;0;0;0;0;0;0;0;0;0;0;0;0;0;0;0;0;
0;0;0;0;0;0;0;0;0;0;0;0;0;0;0;0;0;0;0;0;
0;0;0;0;0;0;0;1;1;1;1;1;0;0;0;0;0;0;0;0;
0;0;0;0;0;0;1;1;1;0;0;1;0;0;0;0;0;0;0;0;
0;0;0;0;0;1;1;0;0;0;0;1;0;0;0;0;0;0;0;0;
0;0;0;0;0;1;0;0;0;0;1;1;0;0;0;0;0;0;0;0;
0;0;0;0;0;1;0;0;0;1;1;0;0;0;0;0;0;0;0;0;
0;0;0;0;0;1;1;1;1;1;0;0;0;0;0;0;0;0;0;0;
0;0;0;0;0;0;1;1;1;0;0;0;0;0;0;0;0;0;0;0;
0;0;0;0;0;0;0;0;0;0;0;0;0;0;0;0;0;0;0;0;
0;0;0;0;0;0;0;0;0;0;0;0;0;0;0;0;0;0;0;0;
0;0;0;0;0;0;0;0;1;0;0;0;0;0;0;0;0;0;0;0;
0;0;0;0;0;0;0;0;1;0;0;0;0;0;0;0;0;0;0;0;
0;0;0;0;0;0;0;0;1;0;0;0;0;0;0;0;0;0;0;0;
0;0;0;0;0;0;1;1;1;1;1;0;0;0;0;0;0;0;0;0;
0;0;0;0;0;0;1;0;1;0;0;0;0;0;0;0;0;0;0;0;
0;0;0;0;0;0;0;0;1;0;0;0;0;0;0;0;0;0;0;0;
0;0;0;0;0;0;0;0;0;0;0;0;0;0;0;0;0;0;0;0;
0;0;0;0;0;0;0;0;0;0;0;0;0;0;0;0;0;0;0;0;
0;0;0;0;0;0;0;0;0;0;0;0;0;0;0;0;0;0;0;0;
0;0;0;0;0;0;0;0;0;0;0;0;0;0;0;0;0;0;0;0;
0;0;0;0;0;0;0;0;0;0;0;0;0;0;0;0;0;0;0;0;
0;0;0;0;0;0;0;0;0;0;0;0;0;0;0;0;0;0;0;0;
0;0;0;0;0;0;0;1;1;0;0;0;0;0;0;0;0;0;0;0;
0;0;0;0;0;0;1;1;1;0;0;0;0;0;0;0;0;0;0;0;
0;0;0;0;1;1;1;0;0;0;0;0;0;1;1;1;0;0;0;0;
0;0;0;0;1;1;1;1;1;1;1;1;1;1;0;0;0;0;0;0;
0;0;0;0;0;0;0;0;0;0;0;0;0;0;0;0;0;0;0;0;
0;0;0;0;0;0;0;0;0;0;0;0;0;0;0;0;0;0;0;0;
0;0;0;0;0;0;0;0;0;0;0;0;0;0;0;0;0;0;0;0;
0;0;0;0;0;0;0;0;0;0;0;0;0;0;0;0;0;0;0;0;
0;0;0;0;0;0;0;0;0;0;0;0;0;0;0;0;0;0;0;0;
0;0;0;0;0;0;0;0;0;0;0;0;0;0;0;0;0;0;0;0;
0;0;0;0;0;0;0;0;0;0;0;0;0;0;0;0;0;0;0;0;
0;0;0;0;0;0;0;0;0;0;0;0;0;0;0;0;0;0;0;0;
0;0;0;0;0;0;0;0;0;0;0;0;0;0;0;0;0;0;0;0;
0;0;0;0;0;0;0;0;0;0;0;0;0;0;0;0;0;0;0;0;
0;0;0;0;0;0;0;0;0;0;0;0;0;0;0;0;0;0;0;0;
0;0;0;0;0;0;0;0;0;0;0;0;0;0;0;0;0;0;0;0;
0;0;0;0;0;0;0;0;0;0;0;0;0;0;0;0;0;0;0;0;
0;0;0;0;0;0;0;0;0;0;0;0;0;0;0;0;0;0;0;0;
0;0;0;0;0;0;0;0;0;0;0;0;0;0;0;0;0;0;0;0;
0;0;0;0;0;0;0;0;0;0;0;0;0;0;0;0;0;0;0;0;
0;0;0;0;0;0;0;0;0;0;0;0;0;0;0;0;0;0;0;0;
0;0;0;0;0;0;0;0;0;0;0;0;0;0;0;0;0;0;0;0;
0;0;0;0;0;0;0;0;0;0;0;0;0;0;0;0;0;0;0;

1;*;4
0;0;0;0;0;0;0;0;0;0;0;0;0;0;0;0;0;0;0;0;0;
0;0;0;0;0;0;0;0;0;0;0;0;0;0;0;0;0;0;0;0;
0;0;0;0;0;0;0;0;0;0;0;0;0;0;0;0;0;0;0;0;
0;0;0;0;0;0;0;0;0;0;0;0;0;0;0;0;0;0;0;0;
0;0;0;0;0;0;0;0;0;0;0;0;0;0;0;0;0;0;0;0;
0;0;0;0;0;0;0;0;0;0;0;0;0;0;0;0;0;0;0;0;
0;0;0;0;0;0;0;0;0;0;0;0;0;0;0;0;0;0;0;0;
0;0;0;0;0;0;0;0;0;0;0;0;0;0;0;0;0;0;0;0;
0;0;0;0;0;0;0;0;0;0;0;0;0;0;0;0;0;0;0;0;
0;0;0;0;0;0;0;0;0;0;0;0;0;0;0;0;0;0;0;0;
0;0;0;0;0;0;0;0;0;0;0;0;0;0;0;0;0;0;0;0;
0;0;0;0;0;0;1;1;0;0;0;0;0;0;0;0;0;0;0;0;
0;0;0;0;0;1;1;1;0;0;0;0;0;0;0;0;0;0;0;0;
0;0;0;0;1;1;0;0;0;0;0;0;0;0;0;0;0;0;0;0;
0;0;0;1;1;0;0;0;0;0;0;0;0;0;0;0;0;0;0;0;
0;0;1;1;0;0;0;0;0;0;0;0;0;0;0;0;0;0;0;0;
0;0;1;1;1;1;1;1;1;1;1;1;1;0;0;0;0;0;0;0;
0;0;0;0;0;0;0;0;0;0;0;0;0;0;0;0;0;0;0;0;
0;0;0;0;0;0;0;0;0;0;0;0;0;0;0;0;0;0;0;0;
0;0;0;0;0;0;0;0;0;0;0;0;0;0;0;0;0;0;0;0;
0;0;0;0;0;0;0;0;0;0;0;0;0;0;0;0;0;0;0;0;
0;0;0;0;0;0;0;0;0;0;0;0;0;0;0;0;0;0;0;0;
0;0;0;0;0;0;0;0;0;0;0;0;0;0;0;0;0;0;0;0;
0;0;0;0;0;0;0;0;0;0;0;0;0;0;0;0;0;0;0;0;
0;0;0;0;0;0;0;0;0;0;0;0;0;0;0;0;0;0;0;0;
0;0;0;0;0;0;0;0;0;0;0;0;0;0;0;0;0;0;0;0;
0;0;0;0;0;0;0;0;1;0;0;0;0;0;0;0;0;0;0;0;
0;0;0;0;0;0;0;0;0;0;0;0;0;0;0;0;0;0;0;0;
0;0;0;0;0;0;0;0;0;0;0;0;0;0;0;0;0;0;0;0;
0;0;0;0;0;0;0;0;0;0;0;0;0;0;0;0;0;0;0;0;
0;0;0;0;0;0;0;0;0;0;0;0;0;0;0;0;0;0;0;0;
0;0;0;0;0;0;0;0;0;0;0;0;0;0;0;0;0;0;0;0;
0;0;0;0;0;0;0;0;0;0;0;0;0;0;0;0;0;0;0;0;
0;0;0;0;0;0;0;0;0;0;0;0;0;0;0;0;0;0;0;0;
0;0;0;0;0;0;0;0;0;0;0;0;0;0;0;0;0;0;0;0;
0;0;0;0;0;0;1;1;1;0;0;0;0;0;0;0;0;0;0;0;
0;0;0;0;1;1;1;0;1;1;0;0;0;0;0;0;0;0;0;0;
0;0;0;1;1;0;0;0;1;1;0;1;1;1;1;1;0;0;0;0;
0;0;1;1;0;0;0;0;1;1;1;1;1;0;0;0;0;0;0;0;
0;0;0;0;0;0;0;0;1;1;0;0;0;0;0;0;0;0;0;0;
0;0;0;0;0;0;0;0;0;0;0;0;0;0;0;0;0;0;0;0;
0;0;0;0;0;0;0;0;0;0;0;0;0;0;0;0;0;0;0;0;
0;0;0;0;0;0;0;0;0;0;0;0;0;0;0;0;0;0;0;0;
0;0;0;0;0;0;0;0;0;0;0;0;0;0;0;0;0;0;0;0;
0;0;0;0;0;0;0;0;0;0;0;0;0;0;0;0;0;0;0;0;
0;0;0;0;0;0;0;0;0;0;0;0;0;0;0;0;0;0;0;0;
0;0;0;0;0;0;0;0;0;0;0;0;0;0;0;0;0;0;0;0;
0;0;0;0;0;0;0;0;0;0;0;0;0;0;0;0;0;0;0;0;
0;0;0;0;0;0;0;0;0;0;0;0;0;0;0;0;0;0;0;0;
0;0;0;0;0;0;0;0;0;0;0;0;0;0;0;0;0;0;0;0;
0;0;0;0;0;0;0;0;0;0;0;0;0;0;0;0;0;0;0;0;
0;0;0;0;0;0;0;0;0;0;0;0;0;0;0;0;0;0;0;0;
0;0;0;0;0;0;0;0;0;0;0;0;0;0;0;0;0;0;0;0;
0;0;0;0;0;0;0;0;0;0;0;0;0;0;0;0;0;0;0;0;
0;0;0;0;0;0;0;0;0;0;0;0;0;0;0;0;0;0;0;0;
0;0;0;0;0;0;0;0;0;0;0;0;0;0;0;0;0;0;0;0;
0;0;0;0;0;0;0;0;0;0;0;0;0;0;0;0;0;0;0;0;
0;0;0;0;0;0;0;0;0;0;0;0;0;0;0;0;0;0;0;0;
0;0;0;0;0;0;0;0;0;0;0;0;0;0;0;0;0;0;0;0;
0;0;0;0;0;0;0;0;0;0;0;0;0;0;0;0;0;0;0;

5;*;9
0;0;0;0;0;0;0;0;0;0;0;0;0;0;0;0;0;0;0;0;0;
0;0;0;0;0;0;0;0;0;0;0;0;0;0;0;0;0;0;0;0;
0;0;0;0;0;0;0;0;0;0;0;0;0;0;0;0;0;0;0;0;
0;0;0;0;0;0;0;0;0;0;0;0;0;0;0;0;0;0;0;0;
0;0;0;0;0;0;0;0;0;0;0;0;0;0;0;0;0;0;0;0;
0;0;0;0;0;0;0;0;0;0;0;0;0;0;0;0;0;0;0;0;
0;0;0;0;0;0;0;0;0;0;0;0;0;0;0;0;0;0;0;0;
0;0;0;0;0;0;0;0;0;0;0;0;0;0;0;0;0;0;0;0;
0;0;0;0;0;0;0;0;0;0;0;0;0;0;0;0;0;0;0;0;
0;0;0;0;0;0;0;0;0;0;0;0;0;0;0;0;0;0;0;0;
0;0;0;0;0;0;0;0;0;0;0;0;0;0;0;0;0;0;0;0;
0;0;0;0;1;1;1;1;1;1;0;0;0;0;0;0;0;0;0;0;
0;0;1;1;1;1;0;0;0;1;0;0;0;0;0;0;0;0;0;0;
0;0;0;1;0;0;0;0;0;1;0;0;1;0;0;0;0;0;0;0;
0;0;0;1;0;0;0;0;0;1;0;0;1;0;0;0;0;0;0;0;
0;0;0;1;0;0;0;0;0;1;0;0;1;0;0;0;0;0;0;0;
0;0;0;1;0;0;0;0;0;1;0;1;1;0;0;0;0;0;0;0;
0;0;0;1;0;0;0;0;0;1;1;1;1;0;0;0;0;0;0;0;
0;0;0;1;0;0;0;0;0;0;0;0;0;0;0;0;0;0;0;0;
0;0;0;0;0;0;0;0;0;0;0;0;0;0;0;0;0;0;0;0;
0;0;0;0;0;0;0;0;0;0;0;0;0;0;0;0;0;0;0;0;
0;0;0;0;0;0;0;0;0;0;0;0;0;0;0;0;0;0;0;0;
0;0;0;0;0;0;0;0;0;0;0;0;0;0;0;0;0;0;0;0;
0;0;0;0;0;0;0;0;0;0;0;0;0;0;0;0;0;0;0;0;
0;0;0;0;0;0;0;0;0;0;0;0;0;0;0;0;0;0;0;0;
0;0;0;0;0;0;0;0;0;0;0;0;0;0;0;0;0;0;0;0;
0;0;0;0;0;0;0;0;0;0;0;0;0;0;0;0;0;0;0;0;
0;0;0;0;0;0;0;0;0;1;0;0;0;0;0;0;0;0;0;0;
0;0;0;0;0;0;0;0;0;0;0;0;0;0;0;0;0;0;0;0;
0;0;0;0;0;0;0;0;0;0;0;0;0;0;0;0;0;0;0;0;
0;0;0;0;0;0;0;0;0;0;0;0;0;0;0;0;0;0;0;0;
0;0;0;0;0;0;0;0;0;0;0;0;0;0;0;0;0;0;0;0;
0;0;0;0;0;0;0;0;0;0;0;0;0;0;0;0;0;0;0;0;
0;0;0;0;0;0;0;0;0;0;0;0;0;0;0;0;0;0;0;0;
0;0;0;0;0;0;0;0;0;0;0;0;0;0;0;0;0;0;0;0;
0;0;0;0;0;0;0;0;0;0;0;0;0;0;0;0;0;0;0;0;
0;0;0;0;0;1;1;0;0;0;0;0;0;0;0;1;0;0;0;0;
0;0;0;1;1;1;1;1;0;0;0;0;0;0;0;1;0;0;0;0;
0;0;0;1;1;0;0;1;0;0;0;0;0;0;0;1;0;0;0;0;
0;0;0;1;0;0;1;1;0;0;0;0;0;0;1;1;0;0;0;0;
0;0;0;1;1;1;1;0;0;0;0;0;0;1;1;0;0;0;0;0;
0;0;0;0;1;1;1;1;1;1;1;1;1;1;1;0;0;0;0;0;
0;0;0;0;0;0;0;0;0;0;0;0;0;0;0;0;0;0;0;0;
0;0;0;0;0;0;0;0;0;0;0;0;0;0;0;0;0;0;0;0;
0;0;0;0;0;0;0;0;0;0;0;0;0;0;0;0;0;0;0;0;
0;0;0;0;0;0;0;0;0;0;0;0;0;0;0;0;0;0;0;0;
0;0;0;0;0;0;0;0;0;0;0;0;0;0;0;0;0;0;0;0;
0;0;0;0;0;0;0;0;0;0;0;0;0;0;0;0;0;0;0;0;
0;0;0;0;0;0;0;0;0;0;0;0;0;0;0;0;0;0;0;0;
0;0;0;0;0;0;0;0;0;0;0;0;0;0;0;0;0;0;0;0;
0;0;0;0;0;0;0;0;0;0;0;0;0;0;0;0;0;0;0;0;
0;0;0;0;0;0;0;0;0;0;0;0;0;0;0;0;0;0;0;0;
0;0;0;0;0;0;0;0;0;0;0;0;0;0;0;0;0;0;0;0;
0;0;0;0;0;0;0;0;0;0;0;0;0;0;0;0;0;0;0;0;
0;0;0;0;0;0;0;0;0;0;0;0;0;0;0;0;0;0;0;0;
0;0;0;0;0;0;0;0;0;0;0;0;0;0;0;0;0;0;0;0;
0;0;0;0;0;0;0;0;0;0;0;0;0;0;0;0;0;0;0;0;
0;0;0;0;0;0;0;0;0;0;0;0;0;0;0;0;0;0;0;0;
0;0;0;0;0;0;0;0;0;0;0;0;0;0;0;0;0;0;0;0;
0;0;0;0;0;0;0;0;0;0;0;0;0;0;0;0;0;0;0;

2;/;4
0;0;0;0;0;0;0;0;0;0;0;0;0;0;0;0;0;0;0;0;0;
0;0;0;0;0;0;0;0;0;0;0;0;0;0;0;0;0;0;0;0;
0;0;0;0;0;0;0;0;0;0;0;0;0;0;0;0;0;0;0;0;
0;0;0;0;0;0;0;0;0;0;0;0;0;0;0;0;0;0;0;0;
0;0;0;0;0;0;0;0;0;0;0;0;0;0;0;0;0;0;0;0;
0;0;0;0;0;0;0;0;0;0;0;0;0;0;0;0;0;0;0;0;
0;0;0;0;0;0;0;0;0;0;0;0;0;0;0;0;0;0;0;0;
0;0;0;0;0;0;0;0;0;0;0;0;0;0;0;0;0;0;0;0;
0;0;0;0;0;0;0;0;0;0;0;0;0;0;0;0;0;0;0;0;
0;0;0;0;0;0;0;0;0;0;0;0;0;0;0;0;0;0;0;0;
0;0;0;0;0;0;0;0;0;0;0;0;0;0;0;0;0;0;0;0;
0;0;0;0;1;1;0;0;0;0;0;0;0;0;0;0;0;0;0;0;
0;0;0;1;1;0;0;0;0;0;0;0;0;0;0;0;0;0;0;0;
0;0;0;1;0;0;0;0;0;0;0;0;0;0;0;0;0;0;0;0;
0;0;0;1;0;0;0;0;0;0;0;0;1;1;0;0;0;0;0;0;
0;0;0;1;0;0;0;0;0;0;0;1;1;1;0;0;0;0;0;0;
0;0;0;1;0;0;0;0;0;0;1;1;1;1;0;0;0;0;0;0;
0;0;0;1;1;0;0;0;1;1;1;0;1;1;0;0;0;0;0;0;
0;0;0;0;1;1;1;1;1;0;0;0;0;1;0;0;0;0;0;0;
0;0;0;0;0;0;0;0;0;0;0;0;0;1;0;0;0;0;0;0;
0;0;0;0;0;0;0;0;0;0;0;0;0;1;0;0;0;0;0;0;
0;0;0;0;0;0;0;0;0;0;0;0;0;1;0;0;0;0;0;0;
0;0;0;0;0;0;0;0;0;0;0;0;0;0;0;0;0;0;0;0;
0;0;0;0;0;0;0;0;0;0;0;0;0;0;0;0;0;0;0;0;
0;0;0;0;0;0;0;0;0;0;0;0;0;0;0;0;0;0;0;0;
0;0;0;0;0;0;0;0;0;0;0;0;0;0;0;1;0;0;0;0;
0;0;0;0;0;0;0;0;0;0;0;0;0;1;1;1;0;0;0;0;
0;0;0;0;0;0;0;0;0;0;0;1;1;1;0;0;0;0;0;0;
0;0;0;0;0;0;0;0;0;0;1;1;0;0;0;0;0;0;0;0;
0;0;0;0;0;0;0;0;0;1;1;0;0;0;0;0;0;0;0;0;
0;0;0;0;0;0;0;1;1;1;0;0;0;0;0;0;0;0;0;0;
0;0;0;0;0;1;1;1;0;0;0;0;0;0;0;0;0;0;0;0;
0;0;0;0;1;1;1;0;0;0;0;0;0;0;0;0;0;0;0;0;
0;0;0;1;1;0;0;0;0;0;0;0;0;0;0;0;0;0;0;0;
0;0;1;1;0;0;0;0;0;0;0;0;0;0;0;0;0;0;0;0;
0;0;0;0;0;0;0;0;0;0;0;0;0;0;0;0;0;0;0;0;
0;0;0;0;0;0;0;0;0;0;0;0;0;0;0;0;0;0;0;0;
0;0;0;0;0;0;0;0;0;0;0;0;0;0;0;0;0;0;0;0;
0;0;0;0;0;0;0;0;0;0;0;0;0;0;0;0;0;0;0;0;
0;0;0;0;0;0;0;0;0;0;0;0;0;0;0;0;0;0;0;0;
0;0;0;0;0;0;0;0;0;0;0;0;0;0;0;0;0;0;0;0;
0;0;0;0;1;1;1;1;1;1;0;0;0;0;0;0;0;0;0;0;
0;0;0;0;1;0;0;0;1;1;0;0;0;0;0;0;0;0;0;0;
0;0;0;0;0;0;0;0;1;1;0;0;0;0;0;0;0;0;0;0;
0;0;0;0;0;0;0;0;1;1;1;1;1;1;1;1;1;0;0;0;
0;0;0;0;0;0;0;0;1;1;1;0;0;0;0;0;0;0;0;0;
0;0;0;0;0;0;0;0;0;0;0;0;0;0;0;0;0;0;0;0;
0;0;0;0;0;0;0;0;0;0;0;0;0;0;0;0;0;0;0;0;
0;0;0;0;0;0;0;0;0;0;0;0;0;0;0;0;0;0;0;0;
0;0;0;0;0;0;0;0;0;0;0;0;0;0;0;0;0;0;0;0;
0;0;0;0;0;0;0;0;0;0;0;0;0;0;0;0;0;0;0;0;
0;0;0;0;0;0;0;0;0;0;0;0;0;0;0;0;0;0;0;0;
0;0;0;0;0;0;0;0;0;0;0;0;0;0;0;0;0;0;0;0;
0;0;0;0;0;0;0;0;0;0;0;0;0;0;0;0;0;0;0;0;
0;0;0;0;0;0;0;0;0;0;0;0;0;0;0;0;0;0;0;0;
0;0;0;0;0;0;0;0;0;0;0;0;0;0;0;0;0;0;0;0;
0;0;0;0;0;0;0;0;0;0;0;0;0;0;0;0;0;0;0;0;
0;0;0;0;0;0;0;0;0;0;0;0;0;0;0;0;0;0;0;0;
0;0;0;0;0;0;0;0;0;0;0;0;0;0;0;0;0;0;0;0;
0;0;0;0;0;0;0;0;0;0;0;0;0;0;0;0;0;0;0;

2;+;3
0;0;0;0;0;0;0;0;0;0;0;0;0;0;0;0;0;0;0;0;0;
0;0;0;0;0;0;0;0;0;0;0;0;0;0;0;0;0;0;0;0;
0;0;0;0;0;0;0;0;0;0;0;0;0;0;0;0;0;0;0;0;
0;0;0;0;0;0;0;0;0;0;0;0;0;0;0;0;0;0;0;0;
0;0;0;0;0;0;0;0;0;0;0;0;0;0;0;0;0;0;0;0;
0;0;0;0;0;0;0;0;0;0;0;0;0;0;0;0;0;0;0;0;
0;0;0;0;0;0;0;0;0;0;0;0;0;0;0;0;0;0;0;0;
0;0;0;0;0;0;0;0;0;0;0;0;0;0;0;0;0;0;0;0;
0;0;0;0;0;0;0;0;0;0;0;0;0;0;0;0;0;0;0;0;
0;0;0;0;0;0;0;0;0;0;0;0;0;0;0;0;0;0;0;0;
0;0;0;0;0;0;0;0;0;0;0;0;0;0;0;0;0;0;0;0;
0;0;0;0;0;0;1;1;0;0;0;0;0;0;0;0;0;0;0;0;
0;0;0;0;0;1;1;0;0;0;0;0;0;0;0;0;0;0;0;0;
0;0;0;0;1;1;0;0;0;0;0;0;0;1;0;0;0;0;0;0;
0;0;0;0;1;0;0;0;0;0;0;0;1;1;0;0;0;0;0;0;
0;0;0;0;1;0;0;0;0;0;1;1;1;1;0;0;0;0;0;0;
0;0;0;0;1;0;0;0;0;1;1;1;0;1;1;0;0;0;0;0;
0;0;0;0;1;1;1;1;1;1;0;0;0;0;1;0;0;0;0;0;
0;0;0;0;0;0;0;0;0;0;0;0;0;0;1;0;0;0;0;0;
0;0;0;0;0;0;0;0;0;0;0;0;0;0;1;0;0;0;0;0;
0;0;0;0;0;0;0;0;0;0;0;0;0;0;1;0;0;0;0;0;
0;0;0;0;0;0;0;0;0;0;0;0;0;0;1;0;0;0;0;0;
0;0;0;0;0;0;0;0;0;0;0;0;0;0;1;0;0;0;0;0;
0;0;0;0;0;0;0;0;0;0;0;0;0;0;0;0;0;0;0;0;
0;0;0;0;0;0;0;0;0;0;0;0;0;0;0;0;0;0;0;0;
0;0;0;0;0;0;0;0;0;0;0;0;0;0;0;0;0;0;0;0;
0;0;0;0;0;0;0;0;0;1;0;0;0;0;0;0;0;0;0;0;
0;0;0;0;0;0;0;0;0;1;0;0;0;0;0;0;0;0;0;0;
0;0;0;0;0;0;0;0;0;1;0;0;0;0;0;0;0;0;0;0;
0;0;0;0;0;0;0;0;1;1;1;1;1;0;0;0;0;0;0;0;
0;0;0;0;0;1;1;1;1;1;0;0;0;0;0;0;0;0;0;0;
0;0;0;0;0;0;0;0;0;1;0;0;0;0;0;0;0;0;0;0;
0;0;0;0;0;0;0;0;0;1;0;0;0;0;0;0;0;0;0;0;
0;0;0;0;0;0;0;0;0;1;0;0;0;0;0;0;0;0;0;0;
0;0;0;0;0;0;0;0;0;0;0;0;0;0;0;0;0;0;0;0;
0;0;0;0;0;0;0;0;0;0;0;0;0;0;0;0;0;0;0;0;
0;0;1;0;0;0;0;0;0;0;0;0;0;0;0;0;0;0;0;0;
0;0;1;0;0;0;0;0;0;0;0;0;0;1;0;0;0;0;0;0;
0;0;1;0;0;0;0;1;0;0;0;0;0;1;0;0;0;0;0;0;
0;0;1;0;0;0;1;1;0;0;0;0;0;1;0;0;0;0;0;0;
0;0;1;1;0;1;1;1;0;0;0;0;1;1;0;0;0;0;0;0;
0;0;0;1;1;1;1;1;0;0;0;0;1;0;0;0;0;0;0;0;
0;0;0;0;1;1;0;1;0;0;0;1;1;0;0;0;0;0;0;0;
0;0;0;0;0;0;0;1;1;0;1;1;0;0;0;0;0;0;0;0;
0;0;0;0;0;0;0;0;1;1;1;0;0;0;0;0;0;0;0;0;
0;0;0;0;0;0;0;0;0;0;0;0;0;0;0;0;0;0;0;0;
0;0;0;0;0;0;0;0;0;0;0;0;0;0;0;0;0;0;0;0;
0;0;0;0;0;0;0;0;0;0;0;0;0;0;0;0;0;0;0;0;
0;0;0;0;0;0;0;0;0;0;0;0;0;0;0;0;0;0;0;0;
0;0;0;0;0;0;0;0;0;0;0;0;0;0;0;0;0;0;0;0;
0;0;0;0;0;0;0;0;0;0;0;0;0;0;0;0;0;0;0;0;
0;0;0;0;0;0;0;0;0;0;0;0;0;0;0;0;0;0;0;0;
0;0;0;0;0;0;0;0;0;0;0;0;0;0;0;0;0;0;0;0;
0;0;0;0;0;0;0;0;0;0;0;0;0;0;0;0;0;0;0;0;
0;0;0;0;0;0;0;0;0;0;0;0;0;0;0;0;0;0;0;0;
0;0;0;0;0;0;0;0;0;0;0;0;0;0;0;0;0;0;0;0;
0;0;0;0;0;0;0;0;0;0;0;0;0;0;0;0;0;0;0;0;
0;0;0;0;0;0;0;0;0;0;0;0;0;0;0;0;0;0;0;0;
0;0;0;0;0;0;0;0;0;0;0;0;0;0;0;0;0;0;0;0;
0;0;0;0;0;0;0;0;0;0;0;0;0;0;0;0;0;0;0;

2;-;0
0;0;0;0;0;0;0;0;0;0;0;0;0;0;0;0;0;0;0;0;0;
0;0;0;0;0;0;0;0;0;0;0;0;0;0;0;0;0;0;0;0;
0;0;0;0;0;0;0;0;0;0;0;0;0;0;0;0;0;0;0;0;
0;0;0;0;0;0;0;0;0;0;0;0;0;0;0;0;0;0;0;0;
0;0;0;0;0;0;0;0;0;0;0;0;0;0;0;0;0;0;0;0;
0;0;0;0;0;0;0;0;0;0;0;0;0;0;0;0;0;0;0;0;
0;0;0;0;0;0;0;0;0;0;0;0;0;0;0;0;0;0;0;0;
0;0;0;0;0;0;0;0;0;0;0;0;0;0;0;0;0;0;0;0;
0;0;0;0;0;0;0;0;0;0;0;0;0;0;0;0;0;0;0;0;
0;0;0;0;0;0;0;0;0;0;0;0;0;0;0;0;0;0;0;0;
0;0;0;0;1;1;0;0;0;0;0;0;0;0;0;0;0;0;0;0;
0;0;0;0;1;1;0;0;0;0;0;0;0;0;0;0;0;0;0;0;
0;0;0;1;1;0;0;0;0;0;0;0;0;0;0;0;0;0;0;0;
0;0;0;1;0;0;0;0;0;0;0;1;1;1;0;0;0;0;0;0;
0;0;0;1;0;0;0;0;0;0;0;1;1;1;0;0;0;0;0;0;
0;0;0;1;0;0;0;0;0;0;1;1;0;1;1;0;0;0;0;0;
0;0;0;1;1;0;0;0;1;1;1;0;0;0;1;0;0;0;0;0;
0;0;0;0;1;1;1;1;1;1;0;0;0;0;1;0;0;0;0;0;
0;0;0;0;0;0;0;0;0;0;0;0;0;0;1;0;0;0;0;0;
0;0;0;0;0;0;0;0;0;0;0;0;0;0;1;0;0;0;0;0;
0;0;0;0;0;0;0;0;0;0;0;0;0;0;1;0;0;0;0;0;
0;0;0;0;0;0;0;0;0;0;0;0;0;0;1;0;0;0;0;0;
0;0;0;0;0;0;0;0;0;0;0;0;0;0;0;0;0;0;0;0;
0;0;0;0;0;0;0;0;0;0;0;0;0;0;0;0;0;0;0;0;
0;0;0;0;0;0;0;0;0;0;1;1;0;0;0;0;0;0;0;0;
0;0;0;0;0;0;0;0;0;0;1;1;0;0;0;0;0;0;0;0;
0;0;0;0;0;0;0;0;0;0;1;0;0;0;0;0;0;0;0;0;
0;0;0;0;0;0;0;0;0;0;1;0;0;0;0;0;0;0;0;0;
0;0;0;0;0;0;0;0;0;0;1;0;0;0;0;0;0;0;0;0;
0;0;0;0;0;0;0;0;0;0;1;0;0;0;0;0;0;0;0;0;
0;0;0;0;0;0;0;0;0;0;0;0;0;0;0;0;0;0;0;0;
0;0;0;0;0;0;0;0;0;0;0;0;0;0;0;0;0;0;0;0;
0;0;0;0;0;0;0;0;0;0;0;0;0;0;0;0;0;0;0;0;
0;0;0;0;0;0;0;0;0;0;0;0;0;0;0;0;0;0;0;0;
0;0;0;0;0;0;0;0;0;0;0;0;0;0;0;0;0;0;0;0;
0;0;0;0;0;0;0;0;0;0;0;0;0;0;0;0;0;0;0;0;
0;0;0;0;0;0;0;0;0;0;0;0;0;0;0;0;0;0;0;0;
0;0;0;0;0;0;0;1;1;1;1;1;1;0;0;0;0;0;0;0;
0;0;0;0;0;0;1;1;1;0;0;0;1;0;0;0;0;0;0;0;
0;0;0;0;0;1;1;0;0;0;0;0;1;1;0;0;0;0;0;0;
0;0;0;0;1;1;0;0;0;0;0;0;0;1;0;0;0;0;0;0;
0;0;0;0;1;0;0;0;0;0;0;0;0;1;0;0;0;0;0;0;
0;0;0;0;1;0;0;0;0;0;0;0;1;1;0;0;0;0;0;0;
0;0;0;0;1;0;0;0;0;0;0;0;1;0;0;0;0;0;0;0;
0;0;0;0;1;0;0;0;0;0;0;0;1;0;0;0;0;0;0;0;
0;0;0;0;1;1;0;0;0;0;0;1;1;0;0;0;0;0;0;0;
0;0;0;0;0;1;1;0;0;1;1;1;0;0;0;0;0;0;0;0;
0;0;0;0;0;0;1;1;1;1;1;0;0;0;0;0;0;0;0;0;
0;0;0;0;0;0;0;0;0;0;0;0;0;0;0;0;0;0;0;0;
0;0;0;0;0;0;0;0;0;0;0;0;0;0;0;0;0;0;0;0;
0;0;0;0;0;0;0;0;0;0;0;0;0;0;0;0;0;0;0;0;
0;0;0;0;0;0;0;0;0;0;0;0;0;0;0;0;0;0;0;0;
0;0;0;0;0;0;0;0;0;0;0;0;0;0;0;0;0;0;0;0;
0;0;0;0;0;0;0;0;0;0;0;0;0;0;0;0;0;0;0;0;
0;0;0;0;0;0;0;0;0;0;0;0;0;0;0;0;0;0;0;0;
0;0;0;0;0;0;0;0;0;0;0;0;0;0;0;0;0;0;0;0;
0;0;0;0;0;0;0;0;0;0;0;0;0;0;0;0;0;0;0;0;
0;0;0;0;0;0;0;0;0;0;0;0;0;0;0;0;0;0;0;0;
0;0;0;0;0;0;0;0;0;0;0;0;0;0;0;0;0;0;0;0;
0;0;0;0;0;0;0;0;0;0;0;0;0;0;0;0;0;0;0;

6;-;2
0;0;0;0;0;0;0;0;0;0;0;0;0;0;0;0;0;0;0;0;0;
0;0;0;0;0;0;0;0;0;0;0;0;0;0;0;0;0;0;0;0;
0;0;0;0;0;0;0;0;0;0;0;0;0;0;0;0;0;0;0;0;
0;0;0;0;0;0;0;0;0;0;0;0;0;0;0;0;0;0;0;0;
0;0;0;0;0;0;0;0;0;0;0;0;0;0;0;0;0;0;0;0;
0;0;0;0;0;0;0;0;0;0;0;0;0;0;0;0;0;0;0;0;
0;0;0;0;0;0;0;0;0;0;0;0;0;0;0;0;0;0;0;0;
0;0;0;0;0;0;0;0;0;0;0;0;0;0;0;0;0;0;0;0;
0;0;0;0;0;0;0;0;0;0;0;0;0;0;0;0;0;0;0;0;
0;0;0;0;0;0;0;0;0;0;0;0;0;0;0;0;0;0;0;0;
0;0;0;0;0;0;0;0;0;0;0;0;0;0;0;0;0;0;0;0;
0;0;0;0;0;0;0;0;0;0;0;0;0;0;0;0;0;0;0;0;
0;0;0;0;0;0;0;1;1;1;1;1;0;0;0;0;0;0;0;0;
0;0;0;0;0;0;1;1;0;0;1;1;0;0;0;0;0;0;0;0;
0;0;0;0;0;1;1;0;1;0;0;1;1;0;0;0;0;0;0;0;
0;0;0;0;1;1;0;0;1;0;0;0;1;0;0;0;0;0;0;0;
0;0;0;1;1;0;0;0;1;0;0;0;1;0;0;0;0;0;0;0;
0;0;0;1;0;0;0;0;1;0;0;1;1;0;0;0;0;0;0;0;
0;0;0;1;0;0;0;0;1;0;0;1;1;0;0;0;0;0;0;0;
0;0;0;0;0;0;0;0;1;1;1;1;0;0;0;0;0;0;0;0;
0;0;0;0;0;0;0;0;0;0;0;0;0;0;0;0;0;0;0;0;
0;0;0;0;0;0;0;0;0;0;0;0;0;0;0;0;0;0;0;0;
0;0;0;0;0;0;0;0;0;0;0;0;0;0;0;0;0;0;0;0;
0;0;0;0;0;0;0;0;0;0;0;0;0;0;0;0;0;0;0;0;
0;0;0;0;0;0;0;0;0;0;0;0;0;0;0;0;0;0;0;0;
0;0;0;0;0;0;0;0;0;0;0;0;0;0;0;0;0;0;0;0;
0;0;0;0;0;0;0;0;1;0;0;0;0;0;0;0;0;0;0;0;
0;0;0;0;0;0;0;0;1;0;0;0;0;0;0;0;0;0;0;0;
0;0;0;0;0;0;0;0;1;0;0;0;0;0;0;0;0;0;0;0;
0;0;0;0;0;0;0;0;1;0;0;0;0;0;0;0;0;0;0;0;
0;0;0;0;0;0;0;0;1;0;0;0;0;0;0;0;0;0;0;0;
0;0;0;0;0;0;0;0;1;0;0;0;0;0;0;0;0;0;0;0;
0;0;0;0;0;0;0;0;0;0;0;0;0;0;0;0;0;0;0;0;
0;0;0;0;0;0;0;0;0;0;0;0;0;0;0;0;0;0;0;0;
0;0;0;0;0;0;0;0;0;0;0;0;0;0;0;0;0;0;0;0;
0;0;0;0;0;0;0;0;0;0;0;0;0;0;0;0;0;0;0;0;
0;0;0;0;0;1;1;0;0;0;0;0;0;0;0;0;0;0;0;0;
0;0;0;0;0;1;1;0;0;0;0;0;1;1;0;0;0;0;0;0;
0;0;0;0;1;1;0;0;0;0;0;1;1;1;0;0;0;0;0;0;
0;0;0;0;1;0;0;0;0;0;1;1;0;1;0;0;0;0;0;0;
0;0;0;0;1;0;0;0;0;1;1;1;0;1;0;0;0;0;0;0;
0;0;0;0;1;1;1;1;1;1;0;0;0;1;0;0;0;0;0;0;
0;0;0;0;0;0;0;0;0;0;0;0;0;1;0;0;0;0;0;0;
0;0;0;0;0;0;0;0;0;0;0;0;0;1;0;0;0;0;0;0;
0;0;0;0;0;0;0;0;0;0;0;0;0;1;0;0;0;0;0;0;
0;0;0;0;0;0;0;0;0;0;0;0;0;1;0;0;0;0;0;0;
0;0;0;0;0;0;0;0;0;0;0;0;0;0;0;0;0;0;0;0;
0;0;0;0;0;0;0;0;0;0;0;0;0;0;0;0;0;0;0;0;
0;0;0;0;0;0;0;0;0;0;0;0;0;0;0;0;0;0;0;0;
0;0;0;0;0;0;0;0;0;0;0;0;0;0;0;0;0;0;0;0;
0;0;0;0;0;0;0;0;0;0;0;0;0;0;0;0;0;0;0;0;
0;0;0;0;0;0;0;0;0;0;0;0;0;0;0;0;0;0;0;0;
0;0;0;0;0;0;0;0;0;0;0;0;0;0;0;0;0;0;0;0;
0;0;0;0;0;0;0;0;0;0;0;0;0;0;0;0;0;0;0;0;
0;0;0;0;0;0;0;0;0;0;0;0;0;0;0;0;0;0;0;0;
0;0;0;0;0;0;0;0;0;0;0;0;0;0;0;0;0;0;0;0;
0;0;0;0;0;0;0;0;0;0;0;0;0;0;0;0;0;0;0;0;
0;0;0;0;0;0;0;0;0;0;0;0;0;0;0;0;0;0;0;0;
0;0;0;0;0;0;0;0;0;0;0;0;0;0;0;0;0;0;0;0;
0;0;0;0;0;0;0;0;0;0;0;0;0;0;0;0;0;0;0;

