
9
00001100000000000000
00011110000000000000
00011010000000100000
00011110000000100000
00001110000111100000
00000111111110000000
00000000000000000000
00000000000000000000
00000000000000000000
00000000000000000000
00000000000000000000
00000000000000000000
00000000000000000000
00000000000000000000
00000000000000000000

*
00000000001000000000
00000000000000000000
00000000000000000000
00000000000000000000
00000000000000000000
00000000000000000000
00000000000000000000
00000000000000000000
00000000000000000000
00000000000000000000
00000000000000000000
00000000000000000000
00000000000000000000
00000000000000000000
00000000000000000000

6
00000000111111000000
00000011111001000000
00000111011001000000
00000100011001000000
00001100001111000000
00011000001100000000
00011000000000000000
00000000000000000000
00000000000000000000
00000000000000000000
00000000000000000000
00000000000000000000
00000000000000000000
00000000000000000000
00000000000000000000

7
00000100000000000000
00000110000000000000
00000110000000000000
00000010000000010000
00000010000001110000
00000010000011000000
00000010001110000000
00000110111000000000
00000111100000000000
00000110000000000000
00000000000000000000
00000000000000000000
00000000000000000000
00000000000000000000
00000000000000000000

/
00000000000000011000
00000000000001110000
00000000000111000000
00000000011100000000
00000001111000000000
00000011100000000000
00000010000000000000
00000000000000000000
00000000000000000000
00000000000000000000
00000000000000000000
00000000000000000000
00000000000000000000
00000000000000000000
00000000000000000000

9
00000011110000000000
00000110010000000000
00000110010000001000
00000100010000011000
00000111111111110000
00000001111100000000
00000000000000000000
00000000000000000000
00000000000000000000
00000000000000000000
00000000000000000000
00000000000000000000
00000000000000000000
00000000000000000000
00000000000000000000

4
00000011111000000000
00000110001000000000
00000100001000000000
00000000001000000000
00000000011001110000
00000000011111000000
00000000000000000000
00000000000000000000
00000000000000000000
00000000000000000000
00000000000000000000
00000000000000000000
00000000000000000000
00000000000000000000
00000000000000000000

*
00000000000000000000
00000000000000000000
00000000000000000000
00000000000000000000
00000000000000000000
00000000000000000000
00000000000000000000
00000000000000000000
00000000000000000000
00000000000000000000
00000000000000000000
00000000000000000000
00000000000000000000
00000000000000000000
00000000000000000000

5
00000001110000000000
00000111010000100000
00001100010000100000
00000100011000100000
00000100001000100000
00000100001101100000
00000100000111000000
00000100000000000000
00000100000000000000
00000100000000000000
00000000000000000000
00000000000000000000
00000000000000000000
00000000000000000000
00000000000000000000

0
00000011111110000000
00000110000110000000
00000100000010000000
00001100000110000000
00001100000110000000
00001100001100000000
00000110011000000000
00000111110000000000
00000000000000000000
00000000000000000000
00000000000000000000
00000000000000000000
00000000000000000000
00000000000000000000
00000000000000000000

*
00000000000000000000
00000000000000000000
00000000000000000000
00000000000000000000
00000000000000000000
00000000000000000000
00000000000000000000
00000000000000000000
00000000000000000000
00000000000000000000
00000000000000000000
00000000000000000000
00000000000000000000
00000000000000000000
00000000000000000000

3
00001000000001000000
00001000110001000000
00001001110011000000
00001101110010000000
00000111011110000000
00000000001110000000
00000000000000000000
00000000000000000000
00000000000000000000
00000000000000000000
00000000000000000000
00000000000000000000
00000000000000000000
00000000000000000000
00000000000000000000

0
00000000011110000000
00000001110011000000
00000011000001000000
00000010000001000000
00000110000001000000
00000110000001000000
00000010000011000000
00000011001110000000
00000001111100000000
00000000000000000000
00000000000000000000
00000000000000000000
00000000000000000000
00000000000000000000
00000000000000000000

/
00000000000000110000
00000000000001110000
00000000000111000000
00000000001110000000
00000000111000000000
00000001110000000000
00000111000000000000
00000110000000000000
00000000000000000000
00000000000000000000
00000000000000000000
00000000000000000000
00000000000000000000
00000000000000000000
00000000000000000000

0
00000000001110000000
00000000111011100000
00000000110001100000
00000001100000100000
00000001000000100000
00000001000001100000
00000001100011000000
00000000111111000000
00000000000000000000
00000000000000000000
00000000000000000000
00000000000000000000
00000000000000000000
00000000000000000000
00000000000000000000

9
00001111000011000000
00001001000001000000
00001001000011000000
00000111111111000000
00000000011100000000
00000000000000000000
00000000000000000000
00000000000000000000
00000000000000000000
00000000000000000000
00000000000000000000
00000000000000000000
00000000000000000000
00000000000000000000
00000000000000000000

-
00000000010000000000
00000000010000000000
00000000010000000000
00000000000000000000
00000000000000000000
00000000000000000000
00000000000000000000
00000000000000000000
00000000000000000000
00000000000000000000
00000000000000000000
00000000000000000000
00000000000000000000
00000000000000000000
00000000000000000000

0
00000001111100000000
00000111000110000000
00000110000011000000
00001100000001000000
00001110000001000000
00000110000011000000
00000011000110000000
00000001111110000000
00000000000000000000
00000000000000000000
00000000000000000000
00000000000000000000
00000000000000000000
00000000000000000000
00000000000000000000

0
00000011111100000000
00000011000110000000
00000110000110000000
00000100000010000000
00000100000010000000
00000100000010000000
00000110000110000000
00000110000100000000
00000010001100000000
00000011111100000000
00000000000000000000
00000000000000000000
00000000000000000000
00000000000000000000
00000000000000000000

-
00000000110000000000
00000000110000000000
00000000110000000000
00000000110000000000
00000000110000000000
00000000110000000000
00000000000000000000
00000000000000000000
00000000000000000000
00000000000000000000
00000000000000000000
00000000000000000000
00000000000000000000
00000000000000000000
00000000000000000000

0
00000000111100000000
00000001110110000000
00000011000010000000
00000010000010000000
00000010000010000000
00000010000010000000
00000011000010000000
00000001101110000000
00000001111100000000
00000000000000000000
00000000000000000000
00000000000000000000
00000000000000000000
00000000000000000000
00000000000000000000

4
00000011111000000000
00000010001000000000
00000010001000000000
00000000001111100000
00000000011110000000
00000000011000000000
00000000000000000000
00000000000000000000
00000000000000000000
00000000000000000000
00000000000000000000
00000000000000000000
00000000000000000000
00000000000000000000
00000000000000000000

-
00000000011000000000
00000000001000000000
00000000001000000000
00000000001000000000
00000000001000000000
00000000011000000000
00000000011000000000
00000000000000000000
00000000000000000000
00000000000000000000
00000000000000000000
00000000000000000000
00000000000000000000
00000000000000000000
00000000000000000000

6
00000000011111000000
00000000111001000000
00000001101001000000
00000011001011000000
00000010001011000000
00000110001110000000
00000100000000000000
00000100000000000000
00000000000000000000
00000000000000000000
00000000000000000000
00000000000000000000
00000000000000000000
00000000000000000000
00000000000000000000

1
00000000100000000000
00000000100000000000
00000000100000000000
00000001100000000000
00000011000000000000
00000011000000000000
00000110000000000000
00001111111110000000
00000000000000000000
00000000000000000000
00000000000000000000
00000000000000000000
00000000000000000000
00000000000000000000
00000000000000000000

-
00000000010000000000
00000000010000000000
00000000010000000000
00000000010000000000
00000000010000000000
00000000010000000000
00000000000000000000
00000000000000000000
00000000000000000000
00000000000000000000
00000000000000000000
00000000000000000000
00000000000000000000
00000000000000000000
00000000000000000000

4
00000001110000000000
00000011010000000000
00000110010001100000
00000100010111000000
00001100011100000000
00001000000000000000
00000000000000000000
00000000000000000000
00000000000000000000
00000000000000000000
00000000000000000000
00000000000000000000
00000000000000000000
00000000000000000000
00000000000000000000
